 61 6047.275000 5.903E-25 0.000E+00.05460.077  815.00000.85-.012100                                                            3353325848481110 7     0.0    0.0
 61 6047.341060 6.516E-25 0.000E+00.05460.077  815.00000.85-.012100                                                            3353325848481110 7     0.0    0.0
 61 6047.872410 2.723E-25 0.000E+00.06000.077  815.00000.85-.012100                                                            3333325848421110 7     0.0    0.0
 61 6047.999320 4.446E-25 0.000E+00.05460.077  815.00000.85-.012100                                                            3353325848481110 7     0.0    0.0
 61 6048.017000 8.061E-25 0.000E+00.05460.077  815.00000.85-.012100                                                            3353325848481110 7     0.0    0.0
 61 6048.182080 3.402E-25 0.000E+00.06000.077  815.00000.85-.012100                                                            3333325848421110 7     0.0    0.0
 61 6048.380720 8.531E-25 0.000E+00.06310.076  293.15420.85-.012100                                                            3333325848421110 7     0.0    0.0
 61 6048.440000 5.746E-25 0.000E+00.05990.077  815.00000.85-.012100                                                            3353325848481110 7     0.0    0.0
 61 6048.460000 3.895E-25 0.000E+00.05990.077  815.00000.85-.012100                                                            3353325848481110 7     0.0    0.0
 61 6048.555560 2.082E-25 0.000E+00.06000.077  815.00000.85-.012100                                                            3333325848421110 7     0.0    0.0
 61 6048.971000 2.000E-25 0.000E+00.06000.077  815.00000.85-.012100                                                            3333325848421110 7     0.0    0.0
 61 6049.067200 2.094E-25 0.000E+00.06000.077  815.00000.85-.012100                                                            3333325848421110 7     0.0    0.0
 61 6049.469700 4.337E-25 0.000E+00.06000.077  815.00000.85-.012100                                                            3333325848421110 7     0.0    0.0
 61 6049.568160 2.341E-25 0.000E+00.06000.077  815.00000.85-.012100                                                            3333325848421110 7     0.0    0.0
 61 6049.641610 2.000E-25 0.000E+00.06000.077  815.00000.85-.012100                                                            3333325848421110 7     0.0    0.0
 61 6049.664210 2.000E-25 0.000E+00.06000.077  815.00000.85-.012100                                                            3333325848421110 7     0.0    0.0
 61 6049.773550 2.000E-25 0.000E+00.06000.077  815.00000.85-.012100                                                            3333325848421110 7     0.0    0.0
 61 6049.883210 2.000E-25 0.000E+00.06000.077  815.00000.85-.012100                                                            3333325848421110 7     0.0    0.0
 61 6050.053000 5.193E-25 0.000E+00.04750.065  950.15390.63-.012100                   0 0 0 0 1A1                  13A1  1     335332584848 7 1 7     0.0    0.0
 61 6050.064330 6.418E-25 0.000E+00.04750.065  950.15390.63-.012100                   0 0 0 0 1A1                  13A1  1     335332584848 7 1 7     0.0    0.0
 61 6050.184000 5.158E-25 0.000E+00.06440.078  219.94130.85-.012100                   0 0 0 0 1A1                   6F1  1     3333325848481110 7     0.0    0.0
 61 6050.482170 2.000E-25 0.000E+00.06000.077  815.00000.85-.012100                                                            3333325848421110 7     0.0    0.0
 61 6050.653470 2.000E-25 0.000E+00.06000.077  815.00000.85-.012100                                                            3333325848421110 7     0.0    0.0
 61 6050.827620 2.000E-25 0.000E+00.06000.077  815.00000.85-.012100                                                            3333325848421110 7     0.0    0.0
 61 6050.858000 4.156E-25 0.000E+00.06000.077  815.00000.85-.012100                                                            3333325848421110 7     0.0    0.0
 61 6051.232970 2.000E-25 0.000E+00.06000.077  815.00000.85-.012100                                                            3333325848421110 7     0.0    0.0
 61 6051.283780 2.000E-25 0.000E+00.06000.077  815.00000.85-.012100                                                            3333325848421110 7     0.0    0.0
 61 6051.318700 1.065E-24 0.000E+00.06310.076  293.17870.85-.012100                   0 0 0 0 1A1                   7F1  2     3333325848481110 7     0.0    0.0
 61 6051.418780 1.539E-24 0.000E+00.06000.077  815.00000.85-.012100                                                            3333325848421110 7     0.0    0.0
 61 6051.441000 4.636E-25 0.000E+00.06000.077  815.00000.85-.012100                                                            3333325848421110 7     0.0    0.0
 61 6051.590350 3.708E-25 0.000E+00.06000.077  815.00000.85-.012100                                                            3333325848421110 7     0.0    0.0
 61 6051.617910 3.684E-24 2.359E-03.06270.077  219.94520.70-.012100                   0 0 0 0 1A1    7A2 79         6A1  1     335332584848 7 1 7    75.0   65.0
 61 6051.644290 5.235E-25 0.000E+00.06130.075  376.73040.85-.012100                                                            3333325848421110 7     0.0    0.0
 61 6051.677340 3.021E-25 0.000E+00.06000.077  815.00000.85-.012100                                                            3333325848421110 7     0.0    0.0
 61 6051.925930 2.141E-24 0.000E+00.04750.065  950.15390.63-.012100                   0 0 0 0 1A1                  13A1  1     335332584848 7 1 7     0.0    0.0
 61 6051.981710 2.709E-25 0.000E+00.06000.077  815.00000.85-.012100                                                            3333325848421110 7     0.0    0.0
 61 6052.005900 3.508E-25 0.000E+00.06000.077  815.00000.85-.012100                                                            3333325848421110 7     0.0    0.0
 61 6052.053920 1.653E-24 1.764E-03.06270.077  219.94130.70-.012100                   0 0 0 0 1A1    7F2225         6F1  1     335332584848 7 1 7    45.0   39.0
 61 6052.267000 1.263E-24 1.348E-03.06270.077  219.93680.70-.012100                   0 0 0 0 1A1    7F1230         6F2  2     335332584848 7 1 7    45.0   39.0
 61 6052.583000 3.718E-25 0.000E+00.06000.077  815.00000.85-.012100                                                            3333325848421110 7     0.0    0.0
 61 6052.603000 2.531E-25 0.000E+00.06000.077  815.00000.85-.012100                                                            3333325848421110 7     0.0    0.0
 61 6053.078350 1.462E-24 0.000E+00.05950.075  376.73040.85-.012100                                                            3353325848481110 7     0.0    0.0
 61 6053.194000 2.000E-25 0.000E+00.06570.079  104.77600.85-.012100                                                            3333325848421110 7     0.0    0.0
 61 6053.199000 2.000E-25 0.000E+00.06570.079  104.78000.85-.012100                                                            3333325848421110 7     0.0    0.0
 61 6053.258000 3.276E-25 0.000E+00.06000.077  815.00000.85-.012100                                                            3333325848421110 7     0.0    0.0
 61 6053.357030 3.971E-25 3.304E-04.06430.078  104.77470.72-.012100                   0 0 0 0 1A1    5F2164         4F1  1     335332584848 7 1 7    33.0   27.0
 61 6053.381000 1.054E-24 5.261E-04.06430.078  104.77280.72-.012100                   0 0 0 0 1A1    5A2 58         4A1  1     335332584848 7 1 7    55.0   45.0
 61 6053.461070 8.970E-25 0.000E+00.05460.077  815.00000.85-.012100                                                            3353325848481110 7     0.0    0.0
 61 6053.555000 2.838E-25 0.000E+00.05460.077  815.00000.85-.012100                                                            3353325848481110 7     0.0    0.0
 61 6053.597000 6.550E-25 0.000E+00.05460.077  815.00000.85-.012100                                                            3353325848481110 7     0.0    0.0
 61 6053.617610 9.864E-25 0.000E+00.05880.077  815.00000.85-.012100                                                            3353325848481110 7     0.0    0.0
 61 6053.740980 3.001E-25 3.052E-04.06530.078  104.77470.72-.012100                   0 0 0 0 1A1    4F2145         4F1  1     335332584848 7 1 7    27.0   27.0
 61 6053.773360 6.105E-25 7.523E-04.06270.077  219.94130.70-.012100                   0 0 0 0 1A1    6F2209         6F1  1     335332584848 7 1 7    39.0   39.0
 61 6053.818590 1.672E-24 1.783E-03.06350.079   62.87680.73-.012100                   0 0 0 0 1A1    3F1115         3F2  1     335332584848 7 1 7    21.0   21.0
 61 6053.829000 2.136E-24 0.000E+00.06220.076  293.15420.85-.012100                                                            3353325848481110 7     0.0    0.0
 61 6053.856670 1.156E-24 0.000E+00.05880.077  815.00000.85-.012100                                                            3353325848481110 7     0.0    0.0
 61 6053.913770 1.473E-24 1.815E-03.06310.077  219.93680.70-.012100                   0 0 0 0 1A1    6F1201         6F2  2     335332584848 7 1 7    39.0   39.0
 61 6053.930550 1.414E-24 1.438E-03.06430.078  104.78000.72-.012100                   0 0 0 0 1A1    4F1139         4F2  1     335332584848 7 1 7    27.0   27.0
 61 6053.938390 1.118E-24 1.800E-03.06400.077  157.13720.72-.012100                   0 0 0 0 1A1    5E 115         5E   1     335332584848 7 1 7    22.0   22.0
 61 6053.947500 1.776E-24 1.625E-03.06300.076  293.15420.70-.012100                   0 0 0 0 1A1    7A1 75         7A2  1     335332584848 7 1 7    75.0   75.0
 61 6054.155000 3.119E-25 0.000E+00.06000.077  815.00000.85-.012100                                                            3333325848421110 7     0.0    0.0
 61 6054.218020 4.717E-25 0.000E+00.06000.077  815.00000.85-.012100                                                            3333325848421110 7     0.0    0.0
 61 6054.307000 3.502E-25 0.000E+00.06000.077  815.00000.85-.012100                                                            3333325848421110 7     0.0    0.0
 61 6054.432500 2.006E-23 3.871E-02.06380.081   10.48170.88-.010500                   0 0 0 0 1A1    1F2 45         1F1  1     335335584848 71212     9.0    9.0
 61 6054.465280 2.819E-25 0.000E+00.06000.077  815.00000.85-.012100                                                            3333325848421110 7     0.0    0.0
 61 6054.817710 2.781E-23 3.565E-02.06540.082   31.44240.88-.011400                   0 0 0 0 1A1    2F1 75         2F2  1     335335584848 71212    15.0   15.0
 61 6054.931450 2.400E-24 0.000E+00.06000.077  815.00000.85-.012100                                                            3333325848421110 7     0.0    0.0
 61 6055.070350 1.983E-23 3.814E-02.06450.082   31.44210.86-.006100                   0 0 0 0 1A1    2E  55         2E   1     335333584848 71212    10.0   10.0
 61 6055.085030 4.969E-23 3.181E-02.06500.079   62.87820.71-.009300                   0 0 0 0 1A1    3A1 33         3A2  1     335334584848 71212    35.0   35.0
 61 6055.101000 6.464E-24 0.000E+00.06490.081   10.48170.68-.012100                   0 0 0 0 1A1    1E  31         1F1  1     333332584848 7 1 7     0.0    0.0
 61 6055.187840 2.730E-25 0.000E+00.06000.077  815.00000.85-.012100                                                            3333325848421110 7     0.0    0.0
 61 6055.309000 4.015E-25 0.000E+00.06000.077  815.00000.85-.012100                                                            3333325848421110 7     0.0    0.0
 61 6055.381000 4.689E-25 0.000E+00.06000.077  815.00000.85-.012100                                                            3333325848421110 7     0.0    0.0
 61 6055.454620 4.497E-25 5.545E-04.06270.077  219.94130.70-.012100                   0 0 0 0 1A1    6F2210         6F1  1     335332584848 7 1 7    39.0   39.0
 61 6055.476800 5.854E-25 0.000E+00.06000.077  815.00000.85-.012100                                                            3333325848421110 7     0.0    0.0
 61 6055.527734 2.998E-23 3.199E-02.06550.079   62.87680.90-.011700    0 2 1 0  F2    0 0 0 0 1A1    3F1            3F2  1     535335484848 71212    21.0   21.0
 61 6055.610000 6.122E-25 0.000E+00.06570.079  104.77470.85-.012100                                                            3333325848421110 7     0.0    0.0
 61 6055.615630 8.207E-25 1.025E-03.06530.078  104.77600.72-.012100                   0 0 0 0 1A1    5E 112         4E   1     335332584848 7 1 7    22.0   18.0
 61 6055.660170 2.000E-25 0.000E+00.06570.079  104.77470.85-.012100                                                            3333325848421110 7     0.0    0.0
 61 6055.673620 1.918E-24 0.000E+00.06000.077  815.00000.85-.012100                                                            3333325848421110 7     0.0    0.0
 61 6055.802000 3.177E-25 4.847E-04.05620.076  293.16460.70-.012100                   0 0 0 0 1A1    7F1242         7F2  2     335332584848 7 1 7    45.0   45.0
 61 6055.854450 8.930E-25 0.000E+00.05460.077  815.00000.85-.012100                                                            3353325848481110 7     0.0    0.0
 61 6055.874930 6.571E-25 0.000E+00.06250.077  815.00000.85-.012100                                                            3353325848481110 7     0.0    0.0
 61 6055.898910 3.089E-23 3.297E-02.06660.079   62.87581.03-.010400    0 2 1 0  F2    0 0 0 0 1A1    3F2109         3F1  1     435335484848 71212    21.0   21.0
 61 6055.929600 1.316E-24 0.000E+00.05460.077  815.00000.85-.012100                                                            3353325848481110 7     0.0    0.0
 61 6055.964550 1.686E-24 0.000E+00.05460.077  815.00000.85-.012100                                                            3353325848481110 7     0.0    0.0
 61 6056.002160 2.675E-23 2.722E-02.06500.078  104.78000.94-.010800                   0 0 0 0 1A1    4F1140         4F2  1     335335584848 71212    27.0   27.0
 61 6056.026460 1.346E-24 1.726E-03.06480.082   31.44240.70-.012100                   0 0 0 0 1A1    2F1 76         2F2  1     335332584848 7 1 7    15.0   15.0
 61 6056.125000 6.000E-25 9.155E-04.06160.076  293.17870.70-.012100                   0 0 0 0 1A1    7F2235         7F1  2     335332584848 7 1 7    45.0   45.0
 61 6056.302340 5.761E-25 0.000E+00.06000.077  815.00000.85-.012100                                                            3333325848421110 7     0.0    0.0
 61 6056.322990 2.000E-25 0.000E+00.06000.077  815.00000.85-.012100                                                            3333325848421110 7     0.0    0.0
 61 6056.390740 2.000E-25 0.000E+00.05990.077  815.00000.85-.012100                                                            3353325848481110 7     0.0    0.0
 61 6056.430030 1.017E-24 0.000E+00.05990.077  815.00000.85-.012100                                                            3353325848481110 7     0.0    0.0
 61 6056.465910 1.784E-23 2.724E-02.06390.078  104.77600.80-.012700                   0 0 0 0 1A1    4E  97         4E   1     335335584848 71212    18.0   18.0
 61 6056.641340 6.458E-25 0.000E+00.06000.077  815.00000.85-.012100                                                            3333325848421110 7     0.0    0.0
 61 6056.784300 4.959E-24 5.294E-03.06580.079   62.87580.73-.012100                   0 0 0 0 1A1    3F2110         3F1  1     335332584848 7 1 7    21.0   21.0
 61 6056.813377 2.414E-23 2.457E-02.06530.078  104.77470.72-.012100    0 2 1 0  F2    0 0 0 0 1A1    4F2            4F1  1     435332484848 7 1 7    27.0   27.0
 61 6056.840690 2.150E-23 2.310E-02.06510.077  157.13890.72-.012100                   0 0 0 0 1A1    5F2172         5F1  2     335332584848 7 1 7    33.0   33.0
 61 6056.915070 2.637E-24 0.000E+00.05460.077  815.00000.85-.012100                                                            3353325848481110 7     0.0    0.0
 61 6057.079548 1.520E-21 7.596E-01.06250.078  104.77280.72-.012100    0 0 2 0  F2    0 0 0 0 1A1    5A2            4A1  1     435332484849 7 1 7    55.0   45.0
 61 6057.091900 8.244E-22 6.867E-01.06500.078  104.77470.72-.012100                   0 0 0 0 1A1    5F2167         4F1  1     333332584837 7 1 7    33.0   27.0
 61 6057.100400 6.631E-22 8.285E-01.06140.078  104.77600.72-.012100                   0 0 0 0 1A1    5E 113         4E   1     335332584849 7 1 7    22.0   18.0
 61 6057.126950 9.077E-22 7.561E-01.06300.078  104.78000.72-.012100                   0 0 0 0 1A1    5F1175         4F2  1     335332584848 7 1 7    33.0   27.0
 61 6057.231560 1.307E-23 2.106E-02.06040.077  157.13720.72-.012100                   0 0 0 0 1A1    5E 116         5E   1     335332584848 7 1 7    22.0   22.0
 61 6057.243000 1.937E-24 0.000E+00.06570.080   62.87680.85-.012100                   0 0 0 0 1A1                   3F2  1     3333325848481110 7     0.0    0.0
 61 6057.302080 5.415E-25 0.000E+00.05460.077  815.00000.85-.012100                                                            3353325848481110 7     0.0    0.0
 61 6057.333380 1.643E-24 0.000E+00.05460.077  815.00000.85-.012100                                                            3353325848481110 7     0.0    0.0
 61 6057.526210 5.934E-23 3.625E-02.06590.078  104.77280.72-.012100                   0 0 0 0 1A1    4A2 45         4A1  1     335332584848 7 1 7    45.0   45.0
 61 6057.532710 2.855E-23 2.114E-02.06110.077  219.94520.70-.012100                   0 0 0 0 1A1    6A2 67         6A1  1     335332584848 7 1 7    65.0   65.0
 61 6057.642990 1.845E-23 1.982E-02.06620.077  157.12790.90-.008400                   0 0 0 0 1A1    5F1180         5F2  1     335335584848 71212    33.0   33.0
 61 6057.675750 6.924E-25 0.000E+00.06350.077  815.00000.85-.012100                                                            3353325848481110 7     0.0    0.0
 61 6057.745140 5.968E-24 6.077E-03.06450.078  104.77470.72-.012100                   0 0 0 0 1A1    4F2147         4F1  1     335332584848 7 1 7    27.0   27.0
 61 6057.808850 3.966E-25 4.039E-04.06530.078  104.78000.72-.012100                   0 0 0 0 1A1    4F1141         4F2  1     335332584848 7 1 7    27.0   27.0
 61 6057.880000 5.448E-25 0.000E+00.06000.077  815.00000.85-.012100                                                            3333325848421110 7     0.0    0.0
 61 6057.971318 1.418E-23 1.750E-02.06350.077  219.94130.84-.010800    0 2 1 0  F2    0 0 0 0 1A1    6F2211         6F1  1     435335484848 71212    39.0   39.0
 61 6058.107560 7.809E-25 0.000E+00.05990.077  815.00000.85-.012100                                                            3353325848481110 7     0.0    0.0
 61 6058.146940 1.193E-24 0.000E+00.06150.076  293.16460.85-.012100                                                            3353325848481110 7     0.0    0.0
 61 6058.177000 5.769E-25 0.000E+00.05930.077  815.00000.85-.012100                                                            3353325848481110 7     0.0    0.0
 61 6058.184910 1.126E-24 0.000E+00.06090.076  293.12660.85-.012100                                                            3353325848481110 7     0.0    0.0
 61 6058.326070 1.160E-23 1.432E-02.06410.077  219.93680.70-.012100                   0 0 0 0 1A1    6F1202         6F2  2     335332584848 7 1 7    39.0   39.0
 61 6058.347860 1.782E-24 2.199E-03.06410.077  219.91510.70-.012100                   0 0 0 0 1A1    6F1202         6F2  1     335332584848 7 1 7    39.0   39.0
 61 6058.512780 4.226E-24 4.304E-03.06450.078  104.77470.72-.012100                   0 0 0 0 1A1    4F2148         4F1  1     335332584848 7 1 7    27.0   27.0
 61 6058.527720 3.797E-24 5.801E-03.06450.078  104.77600.72-.012100                   0 0 0 0 1A1    4E  98         4E   1     335332584848 7 1 7    18.0   18.0
 61 6058.657843 2.163E-23 1.602E-02.06480.077  219.91980.70-.012100    0 2 1 0  F2    0 0 0 0 1A1    6A1 73            6A2     533332484848 7 1 7    65.0   65.0
 61 6058.759870 8.873E-24 1.355E-02.06180.076  293.17870.70-.012100                   0 0 0 0 1A1    7F2236         7F1  2     335332584848 7 1 7    45.0   45.0
 61 6058.789590 6.050E-25 0.000E+00.06620.079  157.13720.85-.012100                   0 0 0 0 1A1    5F2173         5F1  2     3333325848481110 7     0.0    0.0
 61 6058.810085 2.714E-23 2.917E-02.06620.077  157.12430.72-.012100    0 2 1 0  F2    0 0 0 0 1A1    5F2173         5F1  1     533332484848 7 1 7    33.0   33.0
 61 6058.897220 1.772E-24 2.857E-03.06400.077  157.13720.72-.012100                   0 0 0 0 1A1    5E 117         5E   1     335332584848 7 1 7    22.0   22.0
 61 6058.900200 2.125E-25 0.000E+00.06140.077  815.00000.85-.012100                                                            3353326050481210 7     0.0    0.0
 61 6058.947200 2.071E-24 2.226E-03.06170.077  157.12000.72-.012100                   0 0 0 0 1A1    5F1181         5F2  1     335332605048 7 1 7    33.0   33.0
 61 6059.101280 5.493E-24 0.000E+00.06250.076  293.17010.85-.012100                                                            3353325848481110 7     0.0    0.0
 61 6059.334790 2.761E-25 0.000E+00.06000.077  815.00000.85-.012100                                                            3333325848421110 7     0.0    0.0
 61 6059.397200 6.469E-24 9.880E-03.06180.076  293.16460.70-.012100                   0 0 0 0 1A1    7F1243         7F2  2     335332584848 7 1 7    45.0   45.0
 61 6059.434330 2.021E-24 3.086E-03.06180.076  293.12660.70-.012100                   0 0 0 0 1A1    7F1243         7F2  1     335332584848 7 1 7    45.0   45.0
 61 6059.751090 5.030E-24 1.018E-02.06000.074  376.82630.69-.012100                   0 0 0 0 1A1    8F1267         8F2  2     335332584848 7 1 7    51.0   51.0
 61 6059.834110 2.000E-25 0.000E+00.06000.077  815.00000.85-.012100                                                            3333325848421110 7     0.0    0.0
 61 6060.069000 6.521E-25 7.013E-04.05730.077  157.13890.72-.012100                   0 0 0 0 1A1    5F2174         5F1  2     335332584848 7 1 7    33.0   33.0
 61 6060.080000 3.300E-24 0.000E+00.06200.075  376.82130.85-.012100                                                            3353325848481110 7     0.0    0.0
 61 6060.085200 4.909E-24 5.279E-03.06400.077  157.12430.72-.012100                   0 0 0 0 1A1    5F2174         5F1  1     335332584848 7 1 7    33.0   33.0
 61 6060.128360 7.730E-24 8.313E-03.06400.077  157.12790.72-.012100                   0 0 0 0 1A1    5F1182         5F2  1     335332584848 7 1 7    33.0   33.0
 61 6060.162910 6.126E-25 0.000E+00.06140.077  815.00000.85-.012100                                                            3353325848481110 7     0.0    0.0
 61 6060.204060 6.072E-24 7.498E-03.06310.077  219.93680.70-.012100                   0 0 0 0 1A1    6F1203         6F2  2     335332584848 7 1 7    39.0   39.0
 61 6060.226140 1.211E-23 1.495E-02.06450.077  219.91510.70-.012100                   0 0 0 0 1A1    6F1203         6F2  1     335332584848 7 1 7    39.0   39.0
 61 6060.269580 1.294E-23 2.397E-02.06460.077  219.91351.05-.016500                   0 0 0 0 1A1    6E 140         6E   1     335335584848 71212    26.0   26.0
 61 6060.318760 4.304E-24 5.314E-03.06310.077  219.91510.70-.012100                   0 0 0 0 1A1    6F1204         6F2  1     335332584848 7 1 7    39.0   39.0
 61 6060.328000 5.026E-24 1.017E-02.06000.074  376.80480.69-.012100                   0 0 0 0 1A1    8F2273         8F1  2     335332584848 7 1 7    51.0   51.0
 61 6060.348000 6.925E-25 0.000E+00.05460.077  815.00000.85-.012100                                                            3353325848481110 7     0.0    0.0
 61 6060.400930 1.119E-24 0.000E+00.06000.077  815.00000.85-.012100                                                            3333325848421110 7     0.0    0.0
 61 6060.448000 4.263E-25 0.000E+00.05650.071  575.05570.85-.012100                                                            3333325848421110 7     0.0    0.0
 61 6060.561320 4.521E-24 7.762E-03.05710.073  470.87290.65-.012100                   0 0 0 0 1A1    9A1 97         9A2  1     335332584848 7 1 7    95.0   95.0
 61 6060.671930 3.006E-25 0.000E+00.06000.077  815.00000.85-.012100                                                            3333325848421110 7     0.0    0.0
 61 6060.685120 2.000E-25 0.000E+00.06000.077  815.00000.85-.012100                                                            3333325848421110 7     0.0    0.0
 61 6060.763080 6.104E-25 1.180E-03.06470.081   10.48170.68-.012100                   0 0 0 0 1A1    1F2 46         1F1  1     335332584848 7 1 7     9.0    9.0
 61 6060.827950 1.283E-24 0.000E+00.06000.077  815.00000.85-.012100                                                            3333325848421110 7     0.0    0.0
 61 6060.894870 2.598E-24 7.434E-03.05710.073  470.86510.65-.012100                   0 0 0 0 1A1    9F1307         9F2  2     335332584848 7 1 7    57.0   57.0
 61 6061.041850 4.707E-25 1.346E-03.06130.073  470.72030.65-.012100                   0 0 0 0 1A1    9F1307         9F2  1     335332584848 7 1 7    57.0   57.0
 61 6061.090690 3.748E-24 4.815E-03.06440.082   31.44240.70-.012100                   0 0 0 0 1A1    2F1 77         2F2  1     335332584848 7 1 7    15.0   15.0
 61 6061.146100 2.108E-24 6.032E-03.05710.073  470.85500.65-.012100                   0 0 0 0 1A1    9F2299         9F1  3     335332584848 7 1 7    57.0   57.0
 61 6061.195850 3.760E-25 1.076E-03.05710.073  470.80530.65-.012100                   0 0 0 0 1A1    9F2299         9F1  2     335332584848 7 1 7    57.0   57.0
 61 6061.241980 1.617E-24 3.116E-03.06510.082   31.44210.70-.012100                   0 0 0 0 1A1    2E  56         2E   1     335332584848 7 1 7    10.0   10.0
 61 6061.280110 8.688E-25 0.000E+00.06000.077  815.00000.85-.012100                                                            3333325848421110 7     0.0    0.0
 61 6061.369570 4.349E-24 7.467E-03.05780.073  470.83100.65-.012100                   0 0 0 0 1A1    9A2104         9A1  1     335332584848 7 1 7    95.0   95.0
 61 6061.457510 2.493E-24 2.666E-03.06570.079   62.87580.73-.012100                   0 0 0 0 1A1    3F2111         3F1  1     335332584848 7 1 7    21.0   21.0
 61 6061.467500 4.377E-25 5.624E-04.06550.082   31.44240.70-.012100                   0 0 0 0 1A1    2F1 78         2F2  1     335332584848 7 1 7    15.0   15.0
 61 6061.620000 6.159E-25 0.000E+00.06000.077  815.00000.85-.012100                                                            3333325848421110 7     0.0    0.0
 61 6061.672780 4.306E-24 6.580E-03.06180.076  293.12300.70-.012100                   0 0 0 0 1A1    7F2237         7F1  1     335332584848 7 1 7    45.0   45.0
 61 6061.711830 1.005E-23 1.075E-02.06470.079   62.87680.73-.012100                   0 0 0 0 1A1    3F1118         3F2  1     335332584848 7 1 7    21.0   21.0
 61 6061.740420 3.532E-24 5.399E-03.06180.076  293.16460.70-.012100                   0 0 0 0 1A1    7F1244         7F2  2     335332584848 7 1 7    45.0   45.0
 61 6061.780480 2.522E-23 3.854E-02.06350.076  293.12300.70-.012100    0 2 1 0  F2    0 0 0 0 1A1    7F2            7F1  1     535332484848 7 1 7    45.0   45.0
 61 6061.879260 2.382E-23 1.528E-02.06680.079   62.87820.73-.012100                   0 0 0 0 1A1    3A1 34         3A2  1     335332584848 7 1 7    35.0   35.0
 61 6061.897030 2.272E-24 0.000E+00.06530.079  104.77470.85-.012100                                                            3353325848481110 7     0.0    0.0
 61 6061.912398 2.684E-23 2.462E-02.06420.076  293.15420.70-.012100    0 2 1 0  F2    0 0 0 0 1A1    7A1            7A2  1     435332484848 7 1 7    75.0   75.0
 61 6061.948260 1.251E-24 0.000E+00.05460.077  815.00000.85-.012100                                                            3353325848481110 7     0.0    0.0
 61 6061.979450 1.306E-24 1.397E-03.05750.079   62.87580.73-.012100                   0 0 0 0 1A1    3F2112         3F1  1     335332584848 7 1 7    21.0   21.0
 61 6062.040000 6.586E-24 0.000E+00.06290.078  219.91350.85-.012100                   0 0 0 0 1A1    6E 141         6E   1     3333325848481110 7     0.0    0.0
 61 6062.050140 5.272E-24 6.513E-03.06500.077  219.91510.70-.012100                   0 0 0 0 1A1    6F1205         6F2  1     335332584848 7 1 7    39.0   39.0
 61 6062.053000 9.776E-24 0.000E+00.06500.078  219.91980.85-.012100                                                            3353325848481110 7     0.0    0.0
 61 6062.082000 2.330E-24 2.492E-03.06470.079   62.87580.73-.012100                   0 0 0 0 1A1    3F2113         3F1  1     335332584848 7 1 7    21.0   21.0
 61 6062.133760 6.707E-25 7.173E-04.06580.079   62.87680.73-.012100                   0 0 0 0 1A1    3F1119         3F2  1     335332584848 7 1 7    21.0   21.0
 61 6062.171830 1.004E-24 0.000E+00.06000.077  815.00000.85-.012100                                                            3333325848421110 7     0.0    0.0
 61 6062.190660 8.438E-25 0.000E+00.06250.077  815.00000.85-.012100                                                            3353325848481110 7     0.0    0.0
 61 6062.244000 9.395E-24 0.000E+00.06450.079  104.77600.85-.012100                                                            3353325848481110 7     0.0    0.0
 61 6062.582410 7.686E-24 7.839E-03.06450.078  104.77470.72-.012100                   0 0 0 0 1A1    4F2150         4F1  1     335332584848 7 1 7    27.0   27.0
 61 6062.637440 1.665E-23 0.000E+00.06700.079  104.78000.85-.012100                                                            3353325848481110 7     0.0    0.0
 61 6062.643000 2.955E-24 0.000E+00.06350.079  157.12790.85-.012100                                                            3353325848481110 7     0.0    0.0
 61 6062.660500 2.110E-24 1.922E-03.06510.077  157.12790.72-.012100                   0 0 0 0 1A1    6F1194         5F2  1     335332584848 7 1 7    39.0   33.0
 61 6062.698810 1.128E-23 0.000E+00.06700.079  104.77280.85-.012100                                                            3353325848481110 7     0.0    0.0
 61 6062.731190 9.817E-25 0.000E+00.06680.079  157.12430.85-.012100                                                            3353325848481110 7     0.0    0.0
 61 6062.824679 2.741E-23 3.331E-02.05900.074  376.73040.69-.012100    0 2 1 0  F2    0 0 0 0 1A1    8A2            8A1  1     535332484848 7 1 7    85.0   85.0
 61 6062.857130 1.523E-23 3.084E-02.06050.074  376.73370.69-.012100                   0 0 0 0 1A1    8F2274         8F1  1     335332584848 7 1 7    51.0   51.0
 61 6062.873380 9.185E-24 2.790E-02.06050.074  376.73570.69-.012100                   0 0 0 0 1A1    8E 183         8E   1     335332584848 7 1 7    34.0   34.0
 61 6062.940000 8.917E-25 0.000E+00.05460.077  815.00000.85-.012100                                                            3353325848481110 7     0.0    0.0
 61 6062.958890 3.510E-24 0.000E+00.05460.077  815.00000.85-.012100                                                            3353325848481110 7     0.0    0.0
 61 6063.017000 2.551E-24 0.000E+00.06070.077  815.00000.85-.012100                                                            3353325848481110 7     0.0    0.0
 61 6063.022990 1.944E-24 2.974E-03.06350.078  104.77600.72-.012100                   0 0 0 0 1A1    4E 100         4E   1     335332584848 7 1 7    18.0   18.0
 61 6063.068600 4.178E-24 4.262E-03.06430.078  104.78000.72-.012100                   0 0 0 0 1A1    4F1144         4F2  1     335332584848 7 1 7    27.0   27.0
 61 6063.082610 7.612E-24 8.194E-03.06400.077  157.12790.72-.012100                   0 0 0 0 1A1    5F1184         5F2  1     335332584848 7 1 7    33.0   33.0
 61 6063.105700 8.788E-24 0.000E+00.05460.077  815.00000.85-.012100                                                            3353325848481110 7     0.0    0.0
 61 6063.155080 4.446E-24 4.786E-03.06400.077  157.13890.72-.012100                   0 0 0 0 1A1    5F2175         5F1  2     335332584848 7 1 7    33.0   33.0
 61 6063.168680 7.358E-24 7.920E-03.06400.077  157.12430.72-.012100                   0 0 0 0 1A1    5F2175         5F1  1     335332584848 7 1 7    33.0   33.0
 61 6063.185640 9.518E-24 0.000E+00.05460.077  815.00000.85-.012100                                                            3353325848481110 7     0.0    0.0
 61 6063.215220 2.335E-23 0.000E+00.05680.073  470.83100.65-.012100                   0 0 0 0 1A1                   9A1  1     335332584848 7 1 7     0.0    0.0
 61 6063.237650 9.388E-24 0.000E+00.06070.070  575.22290.64-.012100                   0 0 0 0 1A1                  10A1  1     335332584848 7 1 7     0.0    0.0
 61 6063.247230 1.404E-23 0.000E+00.05120.070  575.22290.64-.012100                   0 0 0 0 1A1                  10A1  1     335332584848 7 1 7     0.0    0.0
 61 6063.256000 2.049E-24 0.000E+00.06070.070  575.22290.64-.012100                   0 0 0 0 1A1                  10A1  1     335332584848 7 1 7     0.0    0.0
 61 6063.265050 4.281E-25 0.000E+00.06250.077  815.00000.85-.012100                                                            3353325848481110 7     0.0    0.0
 61 6063.390504 4.245E-23 3.148E-02.06450.077  219.91980.70-.012100    0 2 1 0  F1    0 0 0 0 1A1    6A1            6A2  1     535332484848 7 1 7    65.0   65.0
 61 6063.460790 1.615E-23 1.648E-02.06470.078  104.78000.72-.012100                   0 0 0 0 1A1    4F1145         4F2  1     335332584848 7 1 7    27.0   27.0
 61 6063.474460 2.182E-24 0.000E+00.06510.079  157.13720.85-.012100                                                            3353325848481110 7     0.0    0.0
 61 6063.487500 9.274E-24 1.146E-02.06480.077  219.91510.70-.012100                   0 0 0 0 1A1    6F1206         6F2  1     335332584848 7 1 7    39.0   39.0
 61 6063.532750 1.576E-24 1.948E-03.06480.077  219.94130.70-.012100                   0 0 0 0 1A1    6F2214         6F1  1     335332584848 7 1 7    39.0   39.0
 61 6063.614750 9.522E-24 1.538E-02.06400.077  157.13720.72-.012100                   0 0 0 0 1A1    5E 119         5E   1     335332584848 7 1 7    22.0   22.0
 61 6063.722790 1.469E-24 0.000E+00.06300.076  293.16460.85-.012100                                                            3353325848481110 7     0.0    0.0
 61 6063.757670 1.205E-23 2.442E-02.06210.074  376.78590.69-.012100                   0 0 0 0 1A1    8F1269         8F2  1     335332584848 7 1 7    51.0   51.0
 61 6063.778860 6.832E-24 0.000E+00.06310.078  219.91350.85-.012100                   0 0 0 0 1A1                   6E   1     3333325848481110 7     0.0    0.0
 61 6063.860950 3.754E-24 0.000E+00.06440.078  219.91510.85-.012100                                                            3333325848421110 7     0.0    0.0
 61 6063.903970 1.674E-24 0.000E+00.06310.076  293.16460.85-.012100                                                            3333325848421110 7     0.0    0.0
 61 6063.943570 2.000E-25 0.000E+00.06310.076  293.12660.85-.012100                                                            3333325848421110 7     0.0    0.0
 61 6064.000930 9.278E-25 1.078E-03.06470.081   10.48170.68-.012100                   0 0 0 0 1A1    2F2 82         1F1  1     335332584848 7 1 7    15.0    9.0
 61 6064.080000 3.833E-25 0.000E+00.06000.077  815.00000.85-.012100                                                            3333325848421110 7     0.0    0.0
 61 6064.118100 6.464E-26 0.000E+00.06000.077  815.00000.85-.012100                                                            3333326050431210 7     0.0    0.0
 61 6064.123900 3.979E-25 8.056E-04.05670.076  293.17000.70-.012100                   0 0 0 0 1A1    8E 172         7E   1     335332605048 7 1 7    34.0   30.0
 61 6064.141200 2.000E-25 0.000E+00.06530.079  157.12790.85-.012100                                                            3333325848421110 7     0.0    0.0
 61 6064.195000 5.583E-25 0.000E+00.06000.077  815.00000.85-.012100                                                            3333325848421110 7     0.0    0.0
 61 6064.324690 3.057E-23 2.268E-02.06470.077  219.94520.92-.011300    0 2 1 0  F1    0 0 0 0 1A1    6A2            6A1  1     435335484848 71212    65.0   65.0
 61 6064.360780 2.000E-25 0.000E+00.08050.077  815.00000.85-.012100                                                            3353325848481110 7     0.0    0.0
 61 6064.370000 9.443E-24 0.000E+00.08320.079  157.13890.85-.012100                                                            3353325848481110 7     0.0    0.0
 61 6064.378190 3.308E-23 3.651E-02.06020.081    0.00000.65-.012100                   0 0 0 0 1A1    1A2 19         0A1  1     335332584848 7 1 7    15.0    5.0
 61 6064.390330 1.427E-23 0.000E+00.06290.078  219.94130.85-.012100                   0 0 0 0 1A1                   6F1  1     3333325848481110 7     0.0    0.0
 61 6064.451590 7.186E-25 0.000E+00.06050.077  815.00000.85-.012100                                                            3353325848481110 7     0.0    0.0
 61 6064.492290 1.765E-23 0.000E+00.06210.076  293.12660.85-.012100                                                            3353325848481110 7     0.0    0.0
 61 6064.570590 1.259E-23 1.557E-02.06620.077  219.93681.02-.015200                   0 0 0 0 1A1    6F1208         6F2  2     335335584848 71212    39.0   39.0
 61 6064.652080 1.947E-24 0.000E+00.06000.077  815.00000.85-.012100                                                            3333325848421110 7     0.0    0.0
 61 6064.721000 4.176E-25 0.000E+00.06000.077  815.00000.85-.012100                                                            3333325848421110 7     0.0    0.0
 61 6064.731910 2.696E-25 2.904E-04.06410.077  157.12790.72-.012100                   0 0 0 0 1A1    5F1186         5F2  1     335332584848 7 1 7    33.0   33.0
 61 6064.784790 7.096E-25 0.000E+00.06130.075  376.73040.85-.012100                                                            3333325848421110 7     0.0    0.0
 61 6064.790040 1.817E-24 5.526E-03.05970.074  376.82130.69-.012100                   0 0 0 0 1A1    8E 184         8E   2     335332584848 7 1 7    34.0   34.0
 61 6064.875670 1.273E-24 0.000E+00.06130.075  376.73370.85-.012100                                                            3333325848421110 7     0.0    0.0
 61 6064.929410 2.692E-24 5.458E-03.05970.074  376.80480.69-.012100                   0 0 0 0 1A1    8F2276         8F1  2     335332584848 7 1 7    51.0   51.0
 61 6064.985000 5.769E-25 0.000E+00.06000.077  815.00000.85-.012100                                                            3333325848421110 7     0.0    0.0
 61 6064.999660 1.016E-24 2.059E-03.05970.074  376.73370.69-.012100                   0 0 0 0 1A1    8F2276         8F1  1     335332584848 7 1 7    51.0   51.0
 61 6065.166410 4.063E-24 4.377E-03.06400.077  157.13890.72-.012100                   0 0 0 0 1A1    5F2178         5F1  2     335332584848 7 1 7    33.0   33.0
 61 6065.198800 2.000E-25 0.000E+00.06140.077  815.00000.85-.012100                                                            3353325848481110 7     0.0    0.0
 61 6065.271420 4.247E-24 6.863E-03.06410.077  157.13720.72-.012100                   0 0 0 0 1A1    5E 120         5E   1     335332584848 7 1 7    22.0   22.0
 61 6065.343180 2.645E-24 0.000E+00.06530.079  157.12430.85-.012100                                                            3333325848421110 7     0.0    0.0
 61 6065.345210 2.000E-25 1.823E-04.06410.077  157.12790.72-.012100                   0 0 0 0 1A1    6F1195         5F2  1     335332584848 7 1 7    39.0   33.0
 61 6065.373290 9.102E-25 0.000E+00.06440.078  219.91350.85-.012100                   0 0 0 0 1A1                   6E   1     3333325848481110 7     0.0    0.0
 61 6065.498010 7.808E-24 0.000E+00.06180.076  293.17870.85-.012100                   0 0 0 0 1A1                   7F1  2     3333325848481110 7     0.0    0.0
 61 6065.525630 7.414E-24 0.000E+00.05780.073  470.83100.65-.012100                   0 0 0 0 1A1                   9A1  1     335332584848 7 1 7     0.0    0.0
 61 6065.566960 8.654E-24 0.000E+00.06180.076  293.17010.85-.012100                                                            3353325848481110 7     0.0    0.0
 61 6065.604330 7.509E-24 0.000E+00.05710.073  470.80530.85-.012100                                                            3353325848481110 7     0.0    0.0
 61 6065.625280 1.479E-24 0.000E+00.06050.075  376.80480.85-.012100                                                            3353325848481110 7     0.0    0.0
 61 6065.636650 1.391E-23 0.000E+00.06150.076  293.16460.85-.012100                                                            3353325848481110 7     0.0    0.0
 61 6065.647520 2.127E-23 4.119E-02.06430.081   10.48170.68-.012100                   0 0 0 0 1A1    1F2 47         1F1  1     335332584848 7 1 7     9.0    9.0
 61 6065.653000 1.334E-23 0.000E+00.06400.076  293.15420.85-.012100                                                            3353325848481110 7     0.0    0.0
 61 6065.694410 9.607E-25 0.000E+00.05460.077  815.00000.85-.012100                                                            3353325848481110 7     0.0    0.0
 61 6065.732680 3.209E-24 0.000E+00.05460.077  815.00000.85-.012100                                                            3353325848481110 7     0.0    0.0
 61 6065.761810 2.307E-24 0.000E+00.06000.077  815.00000.85-.012100                                                            3333325848421110 7     0.0    0.0
 61 6065.791020 1.692E-24 0.000E+00.06000.077  815.00000.85-.012100                                                            3333325848421110 7     0.0    0.0
 61 6065.908500 1.644E-24 0.000E+00.05460.077  815.00000.85-.012100                                                            3353325848481110 7     0.0    0.0
 61 6065.938170 1.422E-24 0.000E+00.05680.078  219.93680.85-.012100                   0 0 0 0 1A1                   6F2  2     3333325848481110 7     0.0    0.0
 61 6065.958930 1.870E-23 3.609E-02.06370.082   31.44210.70-.012100                   0 0 0 0 1A1    2E  57         2E   1     335332584848 7 1 7    10.0   10.0
 61 6066.024420 2.034E-23 2.617E-02.06370.082   31.44240.70-.012100                   0 0 0 0 1A1    2F1 79         2F2  1     335332584848 7 1 7    15.0   15.0
 61 6066.110920 1.606E-23 1.720E-02.06580.079   62.87680.73-.012100                   0 0 0 0 1A1    3F1120         3F2  1     335332584848 7 1 7    21.0   21.0
 61 6066.149740 1.109E-23 1.699E-02.06610.078  104.77600.72-.012100                   0 0 0 0 1A1    4E 101         4E   1     335332584848 7 1 7    18.0   18.0
 61 6066.165670 2.441E-23 1.812E-02.06550.077  219.94520.70-.012100                   0 0 0 0 1A1    6A2 69         6A1  1     335332584848 7 1 7    65.0   65.0
 61 6066.274656 2.662E-23 2.851E-02.06760.079   62.87580.73-.012100    0 2 1 0  F2    0 0 0 0 1A1    3F2            3F1  1     435332484848 7 1 7    21.0   21.0
 61 6066.309800 1.817E-23 1.855E-02.06700.078  104.77470.72-.012100                   0 0 0 0 1A1    4F2152         4F1  1     335332584848 7 1 7    27.0   27.0
 61 6066.332380 1.299E-23 1.400E-02.06430.077  157.12790.72-.012100                   0 0 0 0 1A1    5F1187         5F2  1     335332584848 7 1 7    33.0   33.0
 61 6066.364190 1.808E-24 0.000E+00.06170.077  815.00000.85-.012100                                                            3353325848481110 7     0.0    0.0
 61 6066.390000 6.546E-25 0.000E+00.06000.077  815.00000.85-.012100                                                            3333325848421110 7     0.0    0.0
 61 6066.449750 2.641E-24 0.000E+00.06000.077  815.00000.85-.012100                                                            3333325848421110 7     0.0    0.0
 61 6066.471050 1.106E-24 0.000E+00.06000.077  815.00000.85-.012100                                                            3333325848421110 7     0.0    0.0
 61 6066.492980 1.924E-24 0.000E+00.06000.077  815.00000.85-.012100                                                            3333325848421110 7     0.0    0.0
 61 6066.509710 1.050E-24 0.000E+00.06000.077  815.00000.85-.012100                                                            3333325848421110 7     0.0    0.0
 61 6066.549620 1.356E-24 0.000E+00.05880.077  815.00000.85-.012100                                                            3353325848481110 7     0.0    0.0
 61 6066.564620 4.410E-24 0.000E+00.05950.075  376.73370.85-.012100                                                            3353325848481110 7     0.0    0.0
 61 6066.574630 7.247E-24 0.000E+00.06000.073  470.83100.65-.012100                   0 0 0 0 1A1                   9A1  1     335332584848 7 1 7     0.0    0.0
 61 6066.583000 1.687E-24 0.000E+00.06260.078  219.94130.85-.012100                   0 0 0 0 1A1                   6F1  1     3333325848481110 7     0.0    0.0
 61 6066.617250 1.277E-23 9.481E-03.06520.077  219.91980.70-.012100                   0 0 0 0 1A1    6A1 76         6A2  1     335332584848 7 1 7    65.0   65.0
 61 6066.633000 4.538E-24 0.000E+00.05950.075  376.73040.85-.012100                                                            3353325848481110 7     0.0    0.0
 61 6066.700000 7.774E-24 0.000E+00.06510.079  157.13720.85-.012100                                                            3353325848481110 7     0.0    0.0
 61 6066.709990 5.062E-23 3.102E-02.06710.078  104.77280.72-.012100                   0 0 0 0 1A1    4A2 47         4A1  1     335332584848 7 1 7    45.0   45.0
 61 6066.720440 3.066E-24 0.000E+00.05460.077  815.00000.85-.012100                                                            3353325848481110 7     0.0    0.0
 61 6066.731000 2.614E-24 0.000E+00.05530.075  376.73040.85-.012100                                                            3353325848481110 7     0.0    0.0
 61 6066.818440 3.762E-24 0.000E+00.06180.076  293.16460.85-.012100                                                            3353325848481110 7     0.0    0.0
 61 6066.825000 2.652E-25 0.000E+00.06240.078  219.93680.85-.012100                   0 0 0 0 1A1    6F1210         6F2  2     3333325848481110 7     0.0    0.0
 61 6066.845080 5.681E-24 7.030E-03.06310.077  219.91510.70-.012100                   0 0 0 0 1A1    6F1210         6F2  1     335332584848 7 1 7    39.0   39.0
 61 6066.889820 5.528E-24 0.000E+00.05510.071  575.17010.85-.012100                                                            3353325848481110 7     0.0    0.0
 61 6066.916980 5.405E-24 0.000E+00.05950.075  376.82630.85-.012100                                                            3353325848481110 7     0.0    0.0
 61 6066.956550 9.223E-25 0.000E+00.05780.073  470.83100.65-.012100                   0 0 0 0 1A1                   9A1  1     335332584848 7 1 7     0.0    0.0
 61 6066.994380 5.046E-24 0.000E+00.05460.077  815.00000.85-.012100                                                            3353325848481110 7     0.0    0.0
