 21 3562.009420 6.449E-29 9.937E+00.05880.065 4697.84520.67-.006064       2 2 2 13       1 2 2 02                    R 73f     3655532429 9 9 711   149.0  147.0
 23 3562.011865 3.324E-30 5.241E-02.06610.075 2845.79040.74-.003982       3 2 2 01       1 1 1 01                    R 46e     3665632432 9 9 711    95.0   93.0
 24 3562.016552 3.093E-29 6.809E+00.06510.072 3068.64170.74-.005299       2 1 1 12       1 1 1 01                    R 51f     0655532432 9 9 711   630.0  618.0
 24 3562.019619 2.018E-30 5.309E-04.07460.101 1433.20000.69-.003254       3 1 1 01       0 2 2 01                    P 16f     3666632432 9 9 711   186.0  198.0
 11 3562.027769 2.357E-26 1.032E-01.01810.235 2551.48350.04-.003610          0 2 0          0 0 0 15  2 13       14  3 12      464223307260713049    93.0   87.0
 21 3562.027806 3.744E-24 8.641E+00.06990.091 2207.35980.73-.004040       2 1 1 13       1 1 1 02                    R 26f     4566632433 9 9 711    55.0   53.0
 21 3562.031893 1.016E-30 1.367E+01.06230.068 5584.53220.71-.005711       4 0 0 13       3 0 0 02                    R 62e     3355532430 9 9 711   127.0  125.0
 13 3562.037279 4.540E-25 5.980E+00.07680.408 1003.78200.640.000050          1 0 0          0 0 0  7  4  3        8  3  6      453730545933162754   270.0  306.0
 22 3562.041579 5.730E-27 1.468E+01.06260.068 2890.47800.71-.005229       2 0 0 11       1 0 0 01                    P 62e     3755532431 9 9 711   246.0  250.0
 21 3562.047494 1.571E-25 1.735E-02.08010.109 1363.33080.68-.001826       2 3 3 01       0 2 2 01                    R  8e     3666632429 9 9 711    19.0   17.0
 22 3562.055756 1.640E-30 4.437E-03.07590.103 2589.76730.68-.003264       4 1 1 02       2 0 0 03                    P 14e     3666632431 9 9 711    54.0   58.0
 24 3562.057049 2.762E-30 5.964E+00.06110.067 3590.06460.70-.004544       4 0 0 02       1 1 1 02                    R 66e     3655532432 9 9 711   810.0  798.0
 24 3562.060181 1.565E-30 8.726E+00.05980.066 3797.05940.68-.005973       2 1 1 13       1 1 1 02                    R 70e     3655532433 9 9 711   858.0  846.0
 11 3562.062276 2.540E-24 8.561E-01.08060.394 1962.50690.950.003351          1 0 0          0 0 0 11  4  7       12  3 10      587777805910162545    69.0   75.0
 24 3562.065101 5.413E-26 9.585E+00.07350.099 1388.15480.70-.003406       2 0 0 13       1 0 0 02                    R 17e     3766632432 9 9 711   222.0  210.0
 21 3562.067425 1.322E-25 1.154E+01.08220.112 2687.50440.68-.002285       3 0 0 13       2 0 0 02                    R  6e     3666632429 9 9 711    15.0   13.0
 24 3562.073316 6.160E-30 1.078E+01.06140.067 3543.78530.70-.005813       2 1 1 13       1 1 1 02                    R 65f     3655532433 9 9 711   798.0  786.0
 11 3562.074526 8.892E-30 7.255E-07.06460.315 1631.38300.600.000000          0 0 1          0 0 0  9  5  5        9  6  3     q5422308079917122 0    57.0   57.0
 11 3562.083973 5.294E-28 6.129E-01.10070.434 3392.74940.75-.006530          1 2 0          0 2 0  3  1  2        3  2  1      434223807294713152    21.0   21.0
 23 3562.088097 2.207E-30 6.622E-02.06050.066 3056.43580.69-.004651       2 3 3 01       0 2 2 01                    R 68f     3655532432 9 9 711   139.0  137.0
 23 3562.089846 2.311E-30 6.931E-02.06050.066 3056.34470.69-.004651       2 3 3 01       0 2 2 01                    R 68e     3655532432 9 9 711   139.0  137.0
 14 3562.113216 2.909E-27 1.693E+01.09930.378 2004.75460.79-.005240          0 1 1          0 1 0  6  3  3        7  3  4      5622205041 7833348    78.0   90.0
 21 3562.114375 8.465E-28 2.223E-03.07300.098 2152.32960.70-.003326       2 4 4 01       0 3 3 01                    P 19e     3666632429 9 9 711    37.0   39.0
 21 3562.114665 4.963E-30 5.874E-02.05150.063 4218.76440.60-.006029       0 3 3 11       0 1 1 01                    P 95e     3644432429 9 9 711   189.0  191.0
 24 3562.122072 1.243E-27 5.589E+00.06550.074 2260.12520.74-.005217       1 2 2 12       0 2 2 01                    R 49f     3765632432 9 9 711   606.0  594.0
 21 3562.128750 8.402E-28 5.898E+00.06400.070 4009.08190.72-.005495       2 2 2 12       1 2 2 01                    R 56e     3655532429 9 9 711   115.0  113.0
 21 3562.145919 3.595E-25 1.069E+01.08470.116 2360.75690.69-.003669       1 0 0 22       0 0 0 11                    P  5e     4666632429 9 9 711     9.0   11.0
 23 3562.153007 1.927E-30 1.323E-02.06680.078 2656.55280.75-.003832       2 4 4 01       0 3 3 01                    R 42f     3665632432 9 9 711    87.0   85.0
 23 3562.153112 1.927E-30 1.323E-02.06680.078 2656.55260.75-.003832       2 4 4 01       0 3 3 01                    R 42e     3665632432 9 9 711    87.0   85.0
 21 3562.157198 1.417E-27 8.319E-03.06450.071 2540.15630.73-.003838       3 1 1 01       0 2 2 01                    P 55f     3655532429 9 9 711   109.0  111.0
 23 3562.164020 2.254E-29 9.747E-04.07350.099 1438.22080.70-.002527       3 1 1 01       0 2 2 01                    R 17f     3666632432 9 9 711    37.0   35.0
 21 3562.164427 2.650E-27 3.074E-03.05780.065 2278.99630.66-.004845       2 1 1 01       0 0 0 01                    R 76e     3655532429 9 9 711   155.0  153.0
 23 3562.181696 1.944E-30 4.175E-02.06570.074 2917.82790.74-.004053       3 2 2 01       1 1 1 01                    R 48f     3665632432 9 9 711    99.0   97.0
 24 3562.182540 1.243E-27 5.588E+00.06550.074 2260.11220.74-.005217       1 2 2 12       0 2 2 01                    R 49e     3765632432 9 9 711   606.0  594.0
 21 3562.205064 1.371E-30 5.511E-05.08010.109 2576.52570.68-.002574       2 2 2 13       2 0 0 03                    R  8e     3666632429 9 9 711    19.0   17.0
 21 3562.210348 3.291E-24 8.095E+00.06970.090 2227.78800.73-.004102       2 1 1 13       1 1 1 02                    R 27e     4566632433 9 9 711    57.0   55.0
 24 3562.211845 1.180E-29 1.425E+01.06650.077 3389.30380.74-.004999       3 0 0 13       2 0 0 02                    R 44e     3665632432 9 9 711   546.0  534.0
 23 3562.216848 2.376E-30 1.227E-04.07200.096 1495.85740.71-.004186       2 0 0 12       0 2 2 01                    P 21e     3666632432 9 9 711    41.0   43.0
 21 3562.218167 8.374E-29 9.928E+00.05920.065 4641.11070.68-.006034       2 2 2 13       1 2 2 02                    R 72e     3655532429 9 9 711   147.0  145.0
 21 3562.223052 2.002E-29 4.431E-02.05330.063 3862.63580.62-.005926       0 3 3 11       0 1 1 01                    P 90f     3645432429 9 9 711   179.0  181.0
 11 3562.246905 3.078E-29 4.929E+00.08690.371 4308.21130.72-.006560          1 0 1          1 0 0  6  3  4        6  3  3      434233807294713152    13.0   13.0
 21 3562.252336 1.015E-28 2.054E-02.06890.088 3149.01400.74-.003484       3 3 3 01       1 2 2 01                    P 31f     3666632429 9 9 711    61.0   63.0
 21 3562.255995 2.119E-30 1.108E-03.06290.069 3485.20980.71-.005151       2 1 1 12       0 3 3 01                    P 61e     3655532429 9 9 711   121.0  123.0
 23 3562.267788 4.059E-30 1.476E+01.06050.066 4043.43120.69-.005910       1 0 0 22       0 0 0 11                    R 68e     3655532432 9 9 711   139.0  137.0
 23 3562.269313 4.027E-29 6.905E-02.05610.064 2500.36670.65-.005754       0 2 2 11       0 0 0 01                    P 82e     3655532432 9 9 711   163.0  165.0
 24 3562.282950 7.126E-30 3.224E-03.06850.086 1697.00310.74-.004549       1 2 2 12       1 0 0 02                    P 33e     4666632432 9 9 711   390.0  402.0
 24 3562.286964 1.967E-30 1.775E-02.07160.095 2237.14400.71-.002821       3 2 2 01       1 1 1 01                    R 21e     3666632432 9 9 711   270.0  258.0
 23 3562.287960 2.488E-29 1.089E-03.07300.098 1451.52190.70-.002594       3 1 1 01       0 2 2 01                    R 18e     3666632432 9 9 711    39.0   37.0
 21 3562.290692 4.051E-29 3.073E-02.06450.071 3540.27680.73-.005107       0 2 2 21       0 0 0 11                    P 55e     3655532429 9 9 711   109.0  111.0
 22 3562.299180 5.310E-29 3.328E+01.07400.100 3751.23650.70-.004132       2 0 0 21       1 0 0 11                    P 17e     3666632431 9 9 711    66.0   70.0
 23 3562.302952 1.198E-24 6.416E+00.06780.083 1153.87160.74-.004611       1 1 1 12       0 1 1 01                    R 36f     3766632432 9 9 711    75.0   73.0
 24 3562.312504 2.920E-28 1.146E+01.07050.093 2565.34650.72-.003911       1 0 0 22       0 0 0 11                    R 24e     3666632432 9 9 711   306.0  294.0
 23 3562.318589 1.191E-30 1.143E+01.05950.066 4248.78880.68-.005469       1 0 0 21       0 0 0 11                    P 72e     3655532432 9 9 711   143.0  145.0
 11 3562.319981 2.727E-21 3.191E+01.06780.343  927.74390.54-.003696          0 0 1          0 0 0  6  4  3        7  4  4      587777595910162545    13.0   15.0
 11 3562.329965 5.633E-23 2.429E+00.06260.315 1477.29740.60-.013910          1 0 0          0 0 0  8  6  3        9  5  4      564223807360713049    51.0   57.0
 21 3562.332661 3.626E-29 2.216E-02.06660.077 3449.45790.74-.003695       2 5 5 01       0 4 4 01                    P 44e     3665632429 9 9 711    87.0   89.0
 21 3562.347075 9.279E-30 1.173E+01.06080.066 5113.51410.69-.005878       3 1 1 13       2 1 1 02                    R 67e     3655532429 9 9 711   137.0  135.0
 24 3562.350219 2.190E-29 6.755E+00.06470.071 3145.66020.73-.005379       2 1 1 12       1 1 1 01                    R 53e     0655532432 9 9 711   654.0  642.0
 21 3562.350866 1.291E-30 1.138E-01.06550.074 4498.84220.74-.003800       4 2 2 01       2 1 1 01                    P 50f     3655532429 9 9 711    99.0  101.0
 21 3562.352762 1.318E-30 1.347E-03.06210.068 3633.10820.71-.005224       2 1 1 12       0 3 3 01                    P 64f     3655532429 9 9 711   127.0  129.0
 21 3562.357054 4.969E-26 5.010E+00.06470.071 3125.08250.73-.005379       1 3 3 12       0 3 3 01                    R 53e     4655532429 9 9 711   109.0  107.0
 24 3562.369416 6.197E-24 6.351E+00.06830.085  450.37240.74-.004529       1 0 0 12       0 0 0 01                    P 34e     4766632432 9 9 711   402.0  414.0
 11 3562.369696 1.005E-22 1.640E-01.05760.304  488.13420.57-.010456          0 2 0          0 0 0  5  5  1        4  4  0      587777595910162545    11.0    9.0
 23 3562.383194 7.038E-30 1.205E-02.07090.094 2252.78750.72-.002898       4 0 0 01       1 1 1 01                    R 23e     3666632432 9 9 711    49.0   47.0
 24 3562.384067 1.722E-30 4.566E-04.07520.102 1421.04120.69-.003241       3 1 1 01       0 2 2 01                    P 15e     3666632432 9 9 711   174.0  186.0
 24 3562.398782 2.709E-25 4.974E+00.08470.116  672.30910.69-.001989       1 1 1 12       0 1 1 01                    R  4e     3766632432 9 9 711    66.0   54.0
 11 3562.404833 2.956E-22 1.608E-01.05730.296  488.10770.63-.011262          0 2 0          0 0 0  5  5  0        4  4  1      587777595910162545    33.0   27.0
 24 3562.412556 2.708E-25 4.972E+00.08470.116  672.32080.69-.001989       1 1 1 12       0 1 1 01                    R  4f     4766632432 9 9 711    66.0   54.0
 23 3562.412718 2.242E-26 1.189E+01.06550.074 2160.50530.74-.005217       2 0 0 13       1 0 0 02                    R 49e     4765632432 9 9 711   101.0   99.0
 23 3562.417356 1.950E-30 6.619E-01.05710.064 3580.54430.66-.004311       3 1 1 01       1 0 0 02                    P 79e     3655532432 9 9 711   157.0  159.0
 21 3562.418693 4.228E-27 2.453E-05.08340.114  679.09900.68-.001459       3 0 0 01       0 1 1 01                    R  5e     3666632429 9 9 711    13.0   11.0
 21 3562.421974 6.897E-28 5.915E+00.06370.070 4053.78400.72-.005532       2 2 2 12       1 2 2 01                    R 57f     3655532429 9 9 711   117.0  115.0
 21 3562.423020 2.983E-28 4.000E-02.06780.083 3106.84080.74-.003586       3 3 3 02       1 2 2 02                    R 36e     3666632429 9 9 711    75.0   73.0
 24 3562.423383 2.607E-29 6.824E+00.06490.072 3108.08130.73-.005340       2 1 1 12       1 1 1 01                    R 52f     0655532432 9 9 711   642.0  630.0
 21 3562.424100 1.034E-26 1.206E+01.06490.072 3624.89780.73-.005340       3 0 0 14       2 0 0 03                    R 52e     3655532429 9 9 711   107.0  105.0
 22 3562.427877 1.020E-28 8.199E+00.05780.065 3644.30540.66-.005584       1 2 2 11       0 2 2 01                    P 77f     3755532431 9 9 711   306.0  310.0
 11 3562.428024 3.608E-28 1.067E+00.05080.298 3565.00350.52-.014180          1 1 0          0 1 0  9  7  3       10  6  4      434223807294713152    19.0   21.0
 22 3562.435098 1.870E-29 1.739E+01.06680.078 4027.05310.75-.004753       3 1 1 12       2 1 1 02                    P 43e     3665632431 9 9 711   170.0  174.0
 23 3562.436573 3.474E-26 7.885E+00.06730.080 1940.47430.75-.004763       2 0 0 12       1 0 0 01                    R 39e     4766632432 9 9 711    81.0   79.0
 22 3562.437603 1.850E-29 3.615E-03.07160.095 2144.81210.71-.003323       3 2 2 01       0 3 3 01                    P 22f     3666632431 9 9 711    86.0   90.0
 21 3562.439296 7.564E-30 2.589E-02.05640.064 3930.49790.65-.005732       0 4 4 11       0 2 2 01                    P 81f     3655532429 9 9 711   161.0  163.0
 21 3562.440349 1.802E-29 1.153E+01.06170.067 4964.25980.70-.005779       3 1 1 13       2 1 1 02                    R 64f     3355532430 9 9 711   131.0  129.0
 21 3562.451553 1.775E-28 6.992E-02.06800.084 3317.25120.74-.003561       4 1 1 01       2 0 0 01                    P 36e     3666632429 9 9 711    71.0   73.0
 23 3562.464147 1.079E-24 6.404E+00.06760.082 1180.38930.75-.004663       1 1 1 12       0 1 1 01                    R 37e     3766632432 9 9 711    77.0   75.0
 24 3562.481514 1.289E-30 9.201E+00.05950.066 3850.68320.68-.006003       2 1 1 13       1 1 1 02                    R 71e     3655532433 9 9 711   870.0  858.0
 22 3562.486376 6.430E-29 8.734E-04.06920.088 1661.34860.74-.004390       2 0 0 12       0 2 2 01                    P 30e     3366632430 9 9 711   118.0  122.0
 24 3562.495791 4.919E-30 1.082E+01.06110.067 3593.76490.70-.005845       2 1 1 13       1 1 1 02                    R 66f     3655532433 9 9 711   810.0  798.0
 21 3562.504649 8.630E-30 1.097E-03.06810.084 3078.62760.74-.004598       1 4 4 12       1 2 2 02                    P 35f     3666632429 9 9 711    69.0   71.0
 11 3562.516587 1.356E-30 5.612E-01.07070.221 4894.58580.680.011010          0 1 1          0 1 0 14  6  8       15  4 11      432230807294713152    87.0   93.0
 23 3562.521331 1.039E-30 1.787E+01.06680.078 4261.81120.75-.004753       2 0 0 22       1 0 0 12                    P 43e     3665632432 9 9 711    85.0   87.0
 21 3562.524532 1.508E-30 2.227E-01.06490.072 4617.00350.73-.003854       4 2 2 01       2 1 1 01                    P 53e     3655532429 9 9 711   105.0  107.0
 22 3562.529308 7.170E-24 3.099E+00.06490.072 1074.48170.73-.005340       1 0 0 12       0 0 0 01                    R 52e     3755532831 9 9 711   214.0  210.0
 22 3562.530934 1.820E-30 2.114E+01.06470.071 4593.89680.73-.005031       3 1 1 11       2 1 1 01                    P 54f     3655532431 9 9 711   214.0  218.0
 21 3562.539684 5.045E-23 4.602E+00.07660.104 1396.22820.68-.002971       1 2 2 12       0 2 2 01                    R 12e     3766632429 9 9 711    27.0   25.0
 22 3562.542602 5.190E-29 2.004E+01.07300.098 3675.16950.70-.004179       2 0 0 22       1 0 0 12                    P 19e     3666632431 9 9 711    74.0   78.0
 22 3562.563287 4.570E-30 1.527E+01.06170.067 4376.06170.70-.005302       2 2 2 11       1 2 2 01                    P 65f     3655532431 9 9 711   258.0  262.0
 23 3562.575908 3.236E-30 1.482E+01.06020.066 4093.68520.69-.005941       1 0 0 22       0 0 0 11                    R 69e     3655532432 9 9 711   141.0  139.0
 24 3562.576904 2.443E-27 1.515E+01.09490.127 1376.78490.69-.002696       2 0 0 12       1 0 0 01                    P  1e     4766632432 9 9 711     6.0   18.0
 21 3562.581117 2.531E-28 1.458E-03.08220.112 2098.71840.68-.003121       3 2 2 01       1 1 1 01                    P  7e     3666632429 9 9 711    13.0   15.0
 21 3562.587390 4.005E-30 1.805E+01.06080.066 5375.05530.69-.005878       2 0 0 23       1 0 0 12                    R 67e     3655532429 9 9 711   137.0  135.0
 22 3562.595739 2.030E-30 3.320E+01.07200.096 4466.90220.71-.004225       2 1 1 21       1 1 1 11                    P 21f     3666632431 9 9 711    82.0   86.0
 24 3562.595769 1.057E-27 5.605E+00.06530.073 2298.06280.74-.005259       1 2 2 12       0 2 2 01                    R 50f     3755532432 9 9 711   618.0  606.0
 21 3562.596661 1.130E-27 1.399E+01.07020.092 3966.32470.73-.003976       2 0 0 22       1 0 0 11                    R 25e     3666632429 9 9 711    53.0   51.0
 21 3562.597146 2.465E-28 3.079E-03.06700.079 2639.35360.75-.004775       1 3 3 12       1 1 1 02                    P 42f     3665632429 9 9 711    83.0   85.0
 11 3562.626370 1.725E-30 6.537E-10.08870.412  222.05280.710.000000          0 2 0          0 0 0  6  2  4        4  0  4     q5222308079917122 0    13.0    9.0
 11 3562.628148 4.547E-30 3.925E-01.07250.371 4407.04630.68-.003690          1 0 1          0 2 0  6  4  2        6  6  1      432230807294713152    39.0   39.0
 22 3562.629927 2.860E-28 1.803E+01.06800.084 3436.38850.74-.004578       1 1 1 21       0 1 1 11                    P 36e     3666632431 9 9 711   142.0  146.0
 22 3562.647045 4.150E-29 1.068E-03.06760.082 1847.59550.75-.004708       0 4 4 11       0 2 2 01                    R 37f     3666632431 9 9 711   154.0  150.0
 24 3562.660962 1.057E-27 5.605E+00.06530.073 2298.04850.74-.005259       1 2 2 12       0 2 2 01                    R 50e     3755532432 9 9 711   618.0  606.0
 21 3562.662650 4.332E-26 8.399E-04.06710.080 1308.67160.75-.003753       2 2 2 01       0 1 1 01                    R 40f     3666632429 9 9 711    83.0   81.0
 21 3562.662718 1.420E-24 5.771E+00.08010.109 2105.03120.68-.002543       2 1 1 12       1 1 1 01                    R  8f     4666632429 9 9 711    19.0   17.0
 12 3562.664394 3.170E-27 1.584E-02.07070.318 1198.19950.650.009080          0 2 0          0 0 0  9  5  4        9  2  7      544343807260163049    57.0   57.0
 24 3562.670916 1.025E-29 1.429E+01.06630.076 3423.28460.74-.005044       3 0 0 13       2 0 0 02                    R 45e     3665632432 9 9 711   558.0  546.0
 22 3562.672423 4.220E-30 8.114E+00.05780.065 4297.42280.66-.005584       1 3 3 11       0 3 3 01                    P 77e     3655532431 9 9 711   306.0  310.0
 21 3562.675229 3.320E-30 1.235E-02.05950.066 3926.06680.68-.004726       3 2 2 02       1 1 1 02                    R 71e     3655532429 9 9 711   145.0  143.0
 24 3562.675403 1.938E-30 1.820E-02.07120.095 2254.27020.72-.002880       3 2 2 01       1 1 1 01                    R 22f     3666632432 9 9 711   282.0  270.0
 22 3562.691277 2.370E-28 4.267E-06.08220.112   16.38970.68-.002315       0 2 2 11       0 0 0 01                    R  6e     3666632431 9 9 711    30.0   26.0
 21 3562.692002 5.410E-26 9.190E-04.06730.080 1276.44760.75-.003712       2 2 2 01       0 1 1 01                    R 39e     3666632429 9 9 711    81.0   79.0
 14 3562.694240 2.566E-24 6.845E+00.09930.457  295.67750.79-.013900          0 0 1          0 0 0  3  2  2        4  3  1      563324304133163354    42.0   54.0
 24 3562.694546 1.756E-30 4.781E+00.06080.066 3640.68780.69-.004570       4 0 0 02       1 1 1 02                    R 67e     3655532432 9 9 711   822.0  810.0
 22 3562.700927 1.910E-30 1.534E+01.07250.097 4310.34350.71-.004202       2 1 1 22       1 1 1 12                    P 20e     3666632431 9 9 711    78.0   82.0
 23 3562.702595 1.771E-30 5.458E-03.06400.070 2545.58120.72-.005158       0 4 4 11       0 2 2 01                    P 57f     3655532432 9 9 711   113.0  115.0
 24 3562.706743 8.265E-29 1.153E-01.06700.079 1983.86120.75-.003793       2 3 3 01       0 2 2 01                    R 41f     3665632432 9 9 711   510.0  498.0
 24 3562.709137 8.377E-29 1.169E-01.06700.079 1983.85550.75-.003793       2 3 3 01       0 2 2 01                    R 41e     3665632432 9 9 711   510.0  498.0
 12 3562.716708 7.030E-25 2.994E+00.05580.298 1116.63610.49-.007700          1 0 0          0 0 0  7  5  2        8  4  5      577771805910162554    45.0   51.0
 21 3562.720854 1.241E-21 5.185E+00.07200.096  847.82630.71-.004225       1 1 1 12       0 1 1 01                    P 21e     4766632429 9 9 711    41.0   43.0
 21 3562.723129 6.435E-26 6.879E+00.07400.100 2903.37380.70-.003326       3 0 0 12       2 0 0 01                    R 16e     3666632429 9 9 711    35.0   33.0
 23 3562.724477 8.181E-23 7.266E+00.07820.107   48.59830.68-.003967       1 0 0 12       0 0 0 01                    P 11e     3766632432 9 9 711    21.0   23.0
 22 3562.725693 5.750E-30 8.654E-02.06420.070 3237.24290.73-.004232       4 0 0 01       1 1 1 01                    R 55e     3655532431 9 9 711   226.0  222.0
 23 3562.726014 8.565E-30 3.066E-04.07300.098 1399.29150.70-.004217       1 2 2 12       1 0 0 02                    P 19e     3666632432 9 9 711    37.0   39.0
 11 3562.728916 1.082E-27 1.065E+00.05000.298 3564.70500.51-.013720          1 1 0          0 1 0  9  7  2       10  6  5      434223807294713152    57.0   63.0
 24 3562.729070 1.831E-29 6.765E+00.06450.071 3186.51150.73-.005418       2 1 1 12       1 1 1 01                    R 54e     0655532432 9 9 711   666.0  654.0
 21 3562.729821 1.273E-29 1.194E-02.07020.092 3435.55940.73-.003010       5 0 0 03       2 1 1 03                    R 25e     3666632429 9 9 711    53.0   51.0
 22 3562.732001 3.160E-28 2.985E-03.06990.091 1572.11040.73-.003063       3 1 1 01       0 2 2 01                    R 26e     3666632431 9 9 711   110.0  106.0
 24 3562.733475 5.355E-26 9.616E+00.07300.098 1401.78450.70-.003485       2 0 0 13       1 0 0 02                    R 18e     4766632432 9 9 711   234.0  222.0
 23 3562.743468 1.772E-30 5.460E-03.06400.070 2545.54030.72-.005158       0 4 4 11       0 2 2 01                    P 57e     3655532432 9 9 711   113.0  115.0
 21 3562.748907 3.787E-29 1.001E+01.05820.065 4814.14030.67-.006122       2 2 2 13       1 2 2 02                    R 75f     3655532429 9 9 711   153.0  151.0
 24 3562.754700 1.717E-30 4.553E-04.07520.102 1421.04130.69-.003241       3 1 1 01       0 2 2 01                    P 15f     3666632432 9 9 711   174.0  186.0
 23 3562.762038 6.271E-30 1.533E-02.05980.066 2543.51860.68-.005502       0 3 3 11       0 1 1 01                    P 71e     3655532432 9 9 711   141.0  143.0
 22 3562.775878 1.010E-29 9.416E+00.06590.075 4050.43990.74-.004879       3 1 1 13       2 1 1 03                    P 48f     3665632431 9 9 711   190.0  194.0
 22 3562.788723 1.000E-29 1.765E+01.06760.082 4133.05840.75-.004628       1 2 2 21       0 2 2 11                    P 38f     3666632431 9 9 711   150.0  154.0
 12 3562.796470 1.643E-26 4.508E+00.05500.311 1835.48650.64-.024280          0 0 1          0 0 0 11  2  9       11  4  8      548841807333162754    23.0   23.0
 22 3562.797423 4.660E-28 1.452E-04.07160.095  828.91150.71-.003745       0 3 3 11       0 1 1 01                    R 21e     3666632431 9 9 711    90.0   86.0
 21 3562.812443 1.159E-30 1.100E-01.06510.072 4522.12200.74-.003836       3 4 4 01       1 3 3 01                    P 52f     3655532429 9 9 711   103.0  105.0
 22 3562.813271 1.720E-30 9.339E+00.06730.080 4374.97080.75-.004678       4 0 0 14       3 0 0 04                    P 40e     3666632431 9 9 711   158.0  162.0
 21 3562.815229 7.876E-22 5.689E+00.06470.071 1157.77410.73-.005031       1 0 0 12       0 0 0 01                    P 54e     6755532429 9 9 711   107.0  109.0
 24 3562.823232 2.188E-29 6.837E+00.06470.071 3148.27680.73-.005379       2 1 1 12       1 1 1 01                    R 53f     0655532432 9 9 711   654.0  642.0
 23 3562.833754 1.080E-24 6.435E+00.06760.082 1181.16440.75-.004663       1 1 1 12       0 1 1 01                    R 37f     3766632432 9 9 711    77.0   75.0
 23 3562.837161 1.420E-30 2.099E-03.06020.066 2439.91040.69-.004621       3 0 0 01       0 1 1 01                    R 69e     3355532430 9 9 711   141.0  139.0
 21 3562.840183 4.131E-26 5.024E+00.06450.071 3167.37160.73-.005418       1 3 3 12       0 3 3 01                    R 54f     4655532429 9 9 711   111.0  109.0
 21 3562.841920 1.985E-25 2.053E-02.07910.108 1370.38040.68-.001925       2 3 3 01       0 2 2 01                    R  9f     3666632429 9 9 711    21.0   19.0
 21 3562.841958 3.857E-28 2.442E-03.06020.066 2608.55590.69-.005682       1 1 1 12       0 1 1 01                    Q 70f     4755532429 9 9 711   141.0  141.0
 23 3562.851770 2.987E-30 5.460E-02.06590.075 2880.39500.74-.004018       3 2 2 01       1 1 1 01                    R 47e     3665632432 9 9 711    97.0   95.0
 23 3562.869071 3.089E-26 7.897E+00.06710.080 1969.92920.75-.004812       2 0 0 12       1 0 0 01                    R 40e     4766632432 9 9 711    83.0   81.0
 23 3562.877200 2.571E-30 1.487E+01.05980.066 4144.66300.68-.005973       1 0 0 22       0 0 0 11                    R 70e     3655532432 9 9 711   143.0  141.0
 24 3562.882131 1.041E-30 9.549E+00.05920.065 3905.05650.68-.006034       2 1 1 13       1 1 1 02                    R 72e     3655532433 9 9 711   882.0  870.0
 21 3562.885617 7.564E-28 1.954E-03.07350.099 2137.42300.70-.003314       2 4 4 01       0 3 3 01                    P 18f     3666632429 9 9 711    35.0   37.0
 23 3562.892286 1.919E-26 1.194E+01.06530.073 2197.24950.74-.005259       2 0 0 13       1 0 0 02                    R 50e     4755532432 9 9 711   103.0  101.0
 23 3562.892999 9.907E-30 1.210E-02.06080.066 2391.77850.69-.005430       0 3 3 11       0 1 1 01                    P 68f     3655532432 9 9 711   135.0  137.0
 21 3562.911719 3.577E-29 5.068E-03.06800.084 3106.84080.74-.003516       4 1 1 02       1 2 2 02                    P 36e     3666632429 9 9 711    71.0   73.0
 24 3562.912465 3.913E-30 1.085E+01.06080.066 3644.49650.69-.005878       2 1 1 13       1 1 1 02                    R 67f     3655532433 9 9 711   822.0  810.0
 21 3562.919481 3.286E-30 1.113E-02.06050.066 3895.14940.69-.005454       0 5 5 11       0 3 3 01                    P 69e     3655532429 9 9 711   137.0  139.0
 24 3562.920521 2.777E-28 1.150E+01.07020.092 2584.12020.73-.003976       1 0 0 22       0 0 0 11                    R 25e     3666632432 9 9 711   318.0  306.0
 21 3562.922845 1.844E-30 3.573E-03.06710.080 3672.07350.75-.004750       0 3 3 21       0 1 1 11                    P 41f     3665632429 9 9 711    81.0   83.0
 12 3562.925914 4.058E-24 7.998E-01.08370.418  379.29150.68-.005161          1 0 0          0 0 0  4  2  3        4  3  2      587747805910162745    27.0   27.0
 23 3562.934216 1.817E-30 6.881E-02.06020.066 3107.17690.69-.004677       2 3 3 01       0 2 2 01                    R 69e     3655532432 9 9 711   141.0  139.0
 23 3562.934757 1.732E-30 6.562E-02.06020.066 3107.27430.69-.004677       2 3 3 01       0 2 2 01                    R 69f     3655532432 9 9 711   141.0  139.0
 13 3562.936762 4.462E-24 2.850E+00.09720.588  224.30420.73-.006919          1 0 0          0 0 0  3  0  3        4  1  4      687737545910162745   126.0  162.0
 23 3562.942753 2.455E-29 1.075E-03.07300.098 1451.52220.70-.002594       3 1 1 01       0 2 2 01                    R 18f     3666632432 9 9 711    39.0   37.0
 21 3562.949025 3.757E-27 6.349E-03.06590.075 2255.56680.74-.003716       3 1 1 01       0 2 2 01                    P 48e     3665632429 9 9 711    95.0   97.0
 14 3562.950811 1.046E-25 4.206E+00.05140.233  981.12810.79-.015170          0 0 1          0 0 0  6  6  1        7  6  2      4625205041 7783348    78.0   90.0
 14 3562.950832 1.046E-25 4.206E+00.05140.233  981.12800.79-.015190          0 0 1          0 0 0  6  6  0        7  6  1      4625205041 7783348    78.0   90.0
 23 3562.950932 1.766E-30 1.383E-02.06660.077 2688.35350.74-.003870       2 4 4 01       0 3 3 01                    R 43f     3665632432 9 9 711    89.0   87.0
 23 3562.951049 1.766E-30 1.383E-02.06660.077 2688.35330.74-.003870       2 4 4 01       0 3 3 01                    R 43e     3665632432 9 9 711    89.0   87.0
 11 3562.956682 8.768E-29 1.466E+01.07430.352 4572.44630.65-.009630          1 0 1          1 0 0  7  4  4        7  4  3      434233807294713152    45.0   45.0
 21 3562.964001 5.639E-28 5.923E+00.06350.069 4098.91760.72-.005569       2 2 2 12       1 2 2 01                    R 58e     3655532429 9 9 711   119.0  117.0
 23 3562.969165 1.833E-30 4.758E-01.05750.065 3522.64700.66-.004294       3 1 1 01       1 0 0 02                    P 78e     3655532432 9 9 711   155.0  157.0
 23 3562.971566 9.678E-25 6.416E+00.06750.081 1208.37660.75-.004713       1 1 1 12       0 1 1 01                    R 38e     3766632432 9 9 711    79.0   77.0
 22 3562.976838 1.460E-29 8.888E+00.06290.069 4012.48900.71-.005205       2 2 2 12       1 2 2 02                    P 61f     3655532431 9 9 711   242.0  246.0
 21 3562.980317 3.593E-27 1.002E+01.06650.077 3770.91730.74-.004999       1 1 1 22       0 1 1 11                    R 44e     3665632429 9 9 711    91.0   89.0
 23 3562.983319 1.709E-30 4.291E-02.06550.074 2953.98900.74-.004088       3 2 2 01       1 1 1 01                    R 49f     3665632432 9 9 711   101.0   99.0
 13 3562.993052 2.070E-27 5.221E+01.04860.358 2332.40020.54-.013010          0 1 1          0 1 0  7  0  7        8  0  8      463334543633162754    90.0  102.0
 22 3562.994477 1.420E-26 9.564E+00.06370.070 2601.69840.72-.005130       2 0 0 12       1 0 0 02                    P 58e     3755532431 9 9 711   230.0  234.0
 11 3562.997061 4.270E-25 6.889E-01.09600.438 1813.78760.73-.007070          1 1 0          0 1 0  3  1  3        3  2  2      464723305994163152     7.0    7.0
 23 3562.999821 2.683E-29 1.196E-03.07250.097 1465.56180.71-.002658       3 1 1 01       0 2 2 01                    R 19e     3666632432 9 9 711    41.0   39.0
 12 3563.004413 1.750E-29 3.634E+01.08790.391 3705.94850.71-.004500          0 2 1          0 2 0  4  3  1        5  3  2      434233807294713152    27.0   33.0
 21 3563.005897 5.715E-30 1.179E+01.06020.066 5220.03290.69-.005941       3 1 1 13       2 1 1 02                    R 69e     3655532429 9 9 711   141.0  139.0
 21 3563.011977 1.031E-28 1.918E-02.06920.088 3124.74120.74-.003470       3 3 3 01       1 2 2 01                    P 30e     3666632429 9 9 711    59.0   61.0
 21 3563.013604 3.189E-29 6.429E-03.06750.081 3196.08110.75-.003564       4 1 1 02       1 2 2 02                    P 39f     3666632429 9 9 711    77.0   79.0
 21 3563.027504 4.956E-29 9.997E+00.05850.065 4755.87980.67-.006093       2 2 2 13       1 2 2 02                    R 74e     3655532429 9 9 711   151.0  149.0
 14 3563.036464 2.894E-26 9.154E-01.03960.327 1049.12430.79-.013210          0 0 1          0 0 0 11  0 11       11  2 10      4625205041 7783348   138.0  138.0
 21 3563.050486 2.809E-30 6.979E-02.06210.068 4289.42470.71-.005332       2 2 2 12       2 0 0 02                    P 64e     3655532429 9 9 711   127.0  129.0
 21 3563.055484 3.150E-23 7.376E+00.06920.088 1750.96060.74-.004433       2 0 0 12       1 0 0 01                    P 30e     4766632429 9 9 711    59.0   61.0
 24 3563.063455 8.957E-28 5.625E+00.06510.072 2336.75650.74-.005299       1 2 2 12       0 2 2 01                    R 51f     3755532432 9 9 711   630.0  618.0
 11 3563.065906 1.001E-29 1.197E-03.04570.221 3244.60070.47-.003910          1 0 0          0 0 0 16  3 14       15  4 11      434233807360713049    99.0   93.0
 22 3563.066986 1.510E-28 9.538E+00.06550.074 3505.08390.74-.004930       3 0 0 13       2 0 0 03                    P 50e     3655532431 9 9 711   198.0  202.0
 13 3563.070521 6.200E-27 5.217E+01.05070.353 2332.59020.34-.012360          0 1 1          0 1 0  7  1  7        8  1  8      463334543633162754   270.0  306.0
 21 3563.075915 1.773E-30 3.908E-03.06700.079 3703.56490.75-.004775       0 3 3 21       0 1 1 11                    P 42e     3665632429 9 9 711    83.0   85.0
 21 3563.090698 2.852E-25 6.172E-01.07020.092 2186.39130.73-.003010       4 0 0 02       1 1 1 02                    R 25e     3666632429 9 9 711    53.0   51.0
 14 3563.097812 5.224E-26 1.652E+00.03950.326 1049.12430.79-.012970          0 0 1          0 0 0 11  1 11       11  2 10      4625205041 7783348   138.0  138.0
 21 3563.098377 4.151E-27 1.009E+01.06660.077 3737.98250.74-.004954       1 1 1 22       0 1 1 11                    R 43f     3665632429 9 9 711    89.0   87.0
 24 3563.100800 1.525E-29 6.777E+00.06420.070 3228.11650.73-.005457       2 1 1 12       1 1 1 01                    R 55e     0655532432 9 9 711   678.0  666.0
 21 3563.104135 3.963E-29 2.097E-02.06680.078 3414.91530.75-.003678       2 5 5 01       0 4 4 01                    P 43f     3665632429 9 9 711    85.0   87.0
 24 3563.105285 2.046E-30 1.918E-02.07120.095 2253.81230.72-.002880       3 2 2 01       1 1 1 01                    R 22e     3666632432 9 9 711   282.0  270.0
 12 3563.107579 5.001E-27 4.557E+00.05600.319 2099.56230.700.001890          0 0 1          0 0 0 12  3 10       12  3  9      548741807333162754    25.0   25.0
 24 3563.121349 6.841E-30 2.829E-03.06870.087 1672.02990.74-.004524       1 2 2 12       1 0 0 02                    P 32e     4666632432 9 9 711   378.0  390.0
 24 3563.122299 3.233E-25 5.118E+00.08340.114  676.09940.68-.002142       1 1 1 12       0 1 1 01                    R  5e     4766632432 9 9 711    78.0   66.0
 24 3563.122953 8.859E-30 1.432E+01.06610.075 3458.01840.74-.005088       3 0 0 13       2 0 0 02                    R 46e     3665632432 9 9 711   570.0  558.0
 24 3563.133629 8.955E-28 5.624E+00.06510.072 2336.74080.74-.005299       1 2 2 12       0 2 2 01                    R 51e     3755532432 9 9 711   630.0  618.0
 24 3563.140416 3.233E-25 5.119E+00.08340.114  676.11680.68-.002142       1 1 1 12       0 1 1 01                    R  5f     4766632432 9 9 711    78.0   66.0
 23 3563.143590 2.028E-30 1.022E-04.07250.097 1480.34040.71-.004164       2 0 0 12       0 2 2 01                    P 20e     3666632432 9 9 711    39.0   41.0
 23 3563.152290 2.035E-30 9.472E+00.06170.067 4078.70720.70-.005302       3 0 0 13       2 0 0 03                    P 65e     3655532432 9 9 711   129.0  131.0
 22 3563.159044 1.670E-30 5.794E-02.05460.064 3496.62480.63-.004979       3 0 0 01       0 1 1 01                    R 85e     3755532431 9 9 711   346.0  342.0
 24 3563.170358 1.432E-30 3.860E-04.07590.103 1409.64230.68-.003229       3 1 1 01       0 2 2 01                    P 14e     3666632432 9 9 711   162.0  174.0
 23 3563.171635 2.034E-30 1.492E+01.05950.066 4196.36430.68-.006003       1 0 0 22       0 0 0 11                    R 71e     3655532432 9 9 711   145.0  143.0
 11 3563.171666 2.415E-25 3.206E+00.07770.333 2630.19260.67-.000060          1 1 0          0 1 0  7  4  3        8  3  6      464223305994713152    45.0   51.0
 11 3563.182055 7.115E-28 7.628E+01.09590.391 4149.89920.73-.004180          0 0 2          0 0 1  4  1  3        5  1  4      434223807294713152     9.0   11.0
 21 3563.184560 3.028E-29 1.275E-01.06810.084 3804.65760.74-.003497       4 2 2 02       2 1 1 02                    R 34f     3666632429 9 9 711    71.0   69.0
 23 3563.184593 7.194E-30 1.290E-02.07050.093 2270.47540.72-.002955       4 0 0 01       1 1 1 01                    R 24e     3666632432 9 9 711    51.0   49.0
 21 3563.195357 1.179E-29 1.204E+01.06110.067 5066.43950.70-.005845       3 1 1 13       2 1 1 02                    R 66f     3655532429 9 9 711   135.0  133.0
 22 3563.201745 5.430E-28 1.764E-04.07120.095  846.41290.72-.003816       0 3 3 11       0 1 1 01                    R 22f     3666632431 9 9 711    94.0   90.0
 24 3563.216081 1.830E-29 6.853E+00.06450.071 3189.22810.73-.005418       2 1 1 12       1 1 1 01                    R 54f     0655532432 9 9 711   666.0  654.0
 22 3563.217376 2.190E-30 2.077E+01.06490.072 4548.20720.73-.005005       3 1 1 11       2 1 1 01                    P 53e     3655532431 9 9 711   210.0  214.0
 21 3563.227004 4.591E-28 5.940E+00.06320.069 4145.20170.72-.005605       2 2 2 12       1 2 2 01                    R 59f     3655532429 9 9 711   121.0  119.0
 21 3563.227798 2.763E-28 4.156E-02.06760.082 3135.79180.75-.003629       3 3 3 02       1 2 2 02                    R 37f     3666632429 9 9 711    77.0   75.0
 22 3563.234575 3.210E-28 2.851E-03.07020.092 1551.75280.73-.003010       3 1 1 01       0 2 2 01                    R 25f     3666632431 9 9 711   106.0  102.0
 21 3563.245421 5.190E-23 4.633E+00.07590.103 1406.41030.68-.003065       1 2 2 12       0 2 2 01                    R 13f     4766632429 9 9 711    29.0   27.0
 23 3563.252968 5.076E-29 6.582E-02.05640.064 2440.24610.65-.005732       0 2 2 11       0 0 0 01                    P 81e     3655532432 9 9 711   161.0  163.0
 11 3563.259492 3.212E-26 5.460E-04.08060.352 1059.64670.70-.011540          1 0 0          0 0 0  8  2  6        7  5  3      564223307360713049    17.0   15.0
 22 3563.259722 5.800E-30 2.515E+01.07250.097 4183.48310.71-.004202       4 0 0 12       3 0 0 02                    P 20e     3666632431 9 9 711    78.0   82.0
 21 3563.260190 3.457E-29 1.989E-01.04920.062 4084.93420.58-.006165       0 2 2 11       0 0 0 01                    P102e     3644432429 9 9 711   203.0  205.0
 21 3563.263233 2.280E-27 3.029E-02.06780.083 2625.52330.74-.003532       4 0 0 01       1 1 1 01                    P 37e     3666632429 9 9 711    73.0   75.0
 11 3563.267869 1.570E-29 7.280E-08.07810.371  661.54890.670.000000          0 0 1          0 0 0  4  4  1        6  3  3     q5322308079917122 0     9.0   13.0
 22 3563.268601 1.730E-29 3.262E-03.07200.096 2127.55740.71-.003311       3 2 2 01       0 3 3 01                    P 21e     3666632431 9 9 711    82.0   86.0
 22 3563.278069 4.090E-28 9.144E+00.06320.069 3329.24720.72-.005180       2 1 1 12       1 1 1 02                    P 60f     3655532431 9 9 711   238.0  242.0
 23 3563.294025 2.735E-26 7.909E+00.06700.079 2000.11910.75-.004860       2 0 0 12       1 0 0 01                    R 41e     4765632432 9 9 711    85.0   83.0
 22 3563.295569 4.090E-29 1.186E-03.06750.081 1877.34250.75-.004759       0 4 4 11       0 2 2 01                    R 38e     3666632431 9 9 711   158.0  154.0
 13 3563.297654 9.200E-28 3.565E-04.09370.436  173.11010.680.004280          0 2 0          0 0 0  4  4  1        3  1  2      563334803633162754   162.0  126.0
 21 3563.307440 1.481E-28 9.823E-04.08340.114 2093.29160.68-.003085       3 2 2 01       1 1 1 01                    P  6f     3666632429 9 9 711    11.0   13.0
 21 3563.312939 3.420E-26 5.039E+00.06420.070 3210.43860.73-.005457       1 3 3 12       0 3 3 01                    R 55e     4655532429 9 9 711   113.0  111.0
 24 3563.313151 6.805E-24 6.347E+00.06850.086  424.64640.74-.004505       1 0 0 12       0 0 0 01                    P 33e     4766632432 9 9 711   390.0  402.0
 21 3563.315380 3.775E-30 4.037E-04.07400.100 2903.37380.70-.002532       3 3 3 01       2 0 0 01                    R 16e     3666632429 9 9 711    35.0   33.0
 24 3563.323309 3.101E-30 1.089E+01.06050.066 3695.98010.69-.005910       2 1 1 13       1 1 1 02                    R 68f     3655532433 9 9 711   834.0  822.0
 21 3563.331100 3.272E-24 8.685E+00.06940.089 2250.41970.73-.004163       2 1 1 13       1 1 1 02                    R 28f     4666632433 9 9 711    59.0   57.0
 21 3563.342691 1.529E-24 5.818E+00.07910.108 2111.99170.68-.002659       2 1 1 12       1 1 1 01                    R  9e     4666632429 9 9 711    21.0   19.0
 23 3563.358843 9.688E-25 6.449E+00.06750.081 1209.19350.75-.004713       1 1 1 12       0 1 1 01                    R 38f     3766632432 9 9 711    79.0   77.0
 22 3563.359073 4.620E-29 1.907E+01.06470.071 3907.20950.73-.005031       3 0 0 11       2 0 0 01                    P 54e     3655532431 9 9 711   214.0  218.0
 22 3563.362482 1.350E-28 8.223E+00.05820.065 3584.41280.67-.005561       1 2 2 11       0 2 2 01                    P 76e     3755532431 9 9 711   302.0  306.0
 23 3563.366279 1.635E-26 1.197E+01.06510.072 2234.72580.74-.005299       2 0 0 13       1 0 0 02                    R 51e     4755532432 9 9 711   105.0  103.0
 21 3563.369313 8.267E-30 9.475E-04.06830.085 3051.23550.74-.004574       1 4 4 12       1 2 2 02                    P 34e     3666632429 9 9 711    67.0   69.0
 22 3563.371542 7.160E-30 1.843E+01.07160.095 4096.23430.71-.004248       4 0 0 13       3 0 0 03                    P 22e     3666632431 9 9 711    86.0   90.0
 23 3563.392326 1.521E-30 1.148E+01.05980.066 4196.36430.68-.005445       1 0 0 21       0 0 0 11                    P 71e     3655532432 9 9 711   141.0  143.0
 24 3563.397057 5.264E-26 9.647E+00.07250.097 1416.17110.71-.003561       2 0 0 13       1 0 0 02                    R 19e     3766632432 9 9 711   246.0  234.0
 22 3563.407388 2.390E-28 1.547E-03.07590.103 1347.91310.68-.003264       3 1 1 01       1 0 0 02                    P 14e     3666632431 9 9 711    54.0   58.0
 21 3563.416656 2.252E-28 3.208E-03.06680.078 2671.22530.75-.004801       1 3 3 12       1 1 1 02                    P 43e     3665632429 9 9 711    85.0   87.0
 14 3563.424790 9.420E-27 2.664E+00.03040.337 1532.73190.79-.012820          0 0 1          0 0 0 13  1 12       13  2 11      4625205041 7783348   162.0  162.0
 21 3563.434556 1.078E-28 1.796E-02.06020.066 3278.27570.69-.005366       2 0 0 12       0 2 2 01                    P 70e     3655532429 9 9 711   139.0  141.0
 14 3563.440412 1.710E-29 2.119E-03.05550.320 1347.12000.790.004300          0 2 0          0 0 0 12  7  5       12  3 10      4422205041 7833348   150.0  150.0
 21 3563.442246 1.592E-30 3.927E-02.06230.068 4287.91210.71-.004545       2 5 5 01       1 2 2 01                    R 62e     3355532430 9 9 711   127.0  125.0
 21 3563.447202 2.396E-30 1.756E+01.06020.066 5480.82990.69-.005941       2 0 0 23       1 0 0 12                    R 69e     3355532430 9 9 711   141.0  139.0
 22 3563.454182 2.100E-30 3.332E+01.07250.097 4450.27130.71-.004202       2 1 1 21       1 1 1 11                    P 20e     3666632431 9 9 711    78.0   82.0
 21 3563.455693 2.860E-24 8.167E+00.06920.088 2272.30520.74-.004223       2 1 1 13       1 1 1 02                    R 29e     4666632433 9 9 711    61.0   59.0
 23 3563.459184 1.604E-30 1.498E+01.05920.065 4248.78880.68-.006034       1 0 0 22       0 0 0 11                    R 72e     3655532432 9 9 711   147.0  145.0
 24 3563.459345 1.988E-30 1.951E-02.07090.094 2271.73750.72-.002939       3 2 2 01       1 1 1 01                    R 23f     3666632432 9 9 711   294.0  282.0
 21 3563.460597 6.431E-23 9.104E+00.08340.114 1301.80820.68-.003740       2 0 0 13       1 0 0 02                    P  6e     4766632429 9 9 711    11.0   13.0
 21 3563.460815 7.188E-27 1.213E+01.06450.071 3708.37570.73-.005418       3 0 0 14       2 0 0 03                    R 54e     3655532429 9 9 711   111.0  109.0
 22 3563.461012 5.770E-30 1.531E+01.06210.068 4325.24940.71-.005278       2 2 2 11       1 2 2 01                    P 64e     3655532431 9 9 711   254.0  258.0
 21 3563.463402 2.189E-29 1.007E+01.05750.065 4933.52950.66-.006179       2 2 2 13       1 2 2 02                    R 77f     3655532429 9 9 711   157.0  155.0
 24 3563.465399 1.265E-29 6.788E+00.06400.070 3270.47510.72-.005495       2 1 1 12       1 1 1 01                    R 56e     0655532432 9 9 711   690.0  678.0
 14 3563.469260 3.823E-28 5.593E+00.06360.394 2159.80210.79-.016640          0 1 1          0 1 0  5  5  0        6  5  1      5622205041 7833348    66.0   78.0
 14 3563.470264 3.823E-28 5.593E+00.06330.394 2159.80120.79-.016640          0 1 1          0 1 0  5  5  1        6  5  2      5622205041 7833348    66.0   78.0
 23 3563.472901 8.647E-25 6.430E+00.06730.080 1237.09900.75-.004763       1 1 1 12       0 1 1 01                    R 39e     3766632432 9 9 711    81.0   79.0
 21 3563.483962 3.593E-30 5.013E-04.07020.092 3035.52130.73-.004298       3 0 0 12       1 2 2 01                    P 26e     3666632429 9 9 711    51.0   53.0
 24 3563.491528 1.428E-30 3.850E-04.07590.103 1409.64230.68-.003229       3 1 1 01       0 2 2 01                    P 14f     3666632432 9 9 711   162.0  174.0
 11 3563.500774 2.465E-29 1.917E+00.08200.412 4125.14870.67-.015140          2 0 0          0 0 1  5  3  3        4  3  2      434233807294713152    11.0    9.0
 23 3563.505462 6.963E-30 2.463E-04.07350.099 1385.30670.70-.004193       1 2 2 12       1 0 0 02                    P 18e     3666632432 9 9 711    35.0   37.0
 23 3563.518305 7.735E-23 7.303E+00.07910.108   40.49890.68-.003932       1 0 0 12       0 0 0 01                    P 10e     3766632432 9 9 711    19.0   21.0
 23 3563.520647 1.803E-30 3.592E-01.05780.065 3465.47600.66-.004277       3 1 1 01       1 0 0 02                    P 77e     3655532432 9 9 711   153.0  155.0
 24 3563.521864 6.895E-29 1.098E-01.06680.078 2015.74490.75-.003832       2 3 3 01       0 2 2 01                    R 42f     3665632432 9 9 711   522.0  510.0
 21 3563.522027 5.724E-27 6.491E-04.07400.100 1494.30710.70-.002496       3 1 1 01       1 0 0 01                    R 16e     3666632429 9 9 711    35.0   33.0
 24 3563.522862 2.628E-28 1.153E+01.06990.091 2603.64420.73-.004040       1 0 0 22       0 0 0 11                    R 26e     3666632432 9 9 711   330.0  318.0
 23 3563.523326 1.184E-30 1.791E+01.06700.079 4230.43830.75-.004728       2 0 0 22       1 0 0 12                    P 42e     3665632432 9 9 711    83.0   85.0
 24 3563.524345 6.992E-29 1.113E-01.06680.078 2015.73850.75-.003832       2 3 3 01       0 2 2 01                    R 42e     3665632432 9 9 711   522.0  510.0
 24 3563.525115 7.556E-28 5.642E+00.06490.072 2376.20610.73-.005340       1 2 2 12       0 2 2 01                    R 52f     3755532432 9 9 711   642.0  630.0
 21 3563.528346 1.609E-25 1.175E+01.08010.109 2699.19080.68-.002543       3 0 0 13       2 0 0 02                    R  8e     3666632429 9 9 711    19.0   17.0
 21 3563.546281 9.647E-30 2.460E-02.05680.064 3867.26210.65-.005709       0 4 4 11       0 2 2 01                    P 80e     3655532429 9 9 711   159.0  161.0
 21 3563.553478 1.927E-27 7.768E-03.06490.072 2454.95160.73-.003803       3 1 1 01       0 2 2 01                    P 53f     3655532429 9 9 711   105.0  107.0
 13 3563.557720 1.610E-28 7.959E-01.05400.298 2045.71400.510.000000         -2-2-2          0 0 0  9 -2 -2       10  7  3      1622304636917122 0   114.0  126.0
 21 3563.562630 3.247E-29 1.229E-01.06830.085 3776.80250.74-.003452       4 2 2 02       2 1 1 02                    R 33e     3666632429 9 9 711    69.0   67.0
 24 3563.567923 7.628E-30 1.435E+01.06590.075 3493.50530.74-.005132       3 0 0 13       2 0 0 02                    R 47e     3665632432 9 9 711   582.0  570.0
 22 3563.570813 5.010E-24 3.131E+00.06450.071 1157.82920.73-.005418       1 0 0 12       0 0 0 01                    R 54e     3755532831 9 9 711   222.0  218.0
 22 3563.579794 1.440E-28 1.515E+01.06210.068 3661.18400.71-.005278       2 1 1 11       1 1 1 01                    P 64f     3655532431 9 9 711   254.0  258.0
 13 3563.583551 4.830E-28 7.958E-01.05400.298 2045.68840.510.000000         -2-2-2          0 0 0  9 -2 -1       10  7  4      1622304636917122 0   342.0  378.0
 21 3563.584215 1.320E-30 1.049E-01.06530.073 4481.40570.74-.003818       3 4 4 01       1 3 3 01                    P 51e     3655532429 9 9 711   101.0  103.0
 11 3563.589638 8.090E-21 2.901E+00.10270.515  134.90160.72-.003778          1 0 0          0 0 0  1  1  0        2  2  1      587777595910162545     9.0   15.0
 24 3563.600532 7.555E-28 5.641E+00.06490.072 2376.18880.73-.005340       1 2 2 12       0 2 2 01                    R 52e     3755532432 9 9 711   642.0  630.0
 24 3563.601915 1.524E-29 6.868E+00.06420.070 3230.93500.73-.005457       2 1 1 12       1 1 1 01                    R 55f     0655532432 9 9 711   678.0  666.0
 23 3563.602908 1.988E-30 5.087E-03.06420.070 2503.54190.73-.005133       0 4 4 11       0 2 2 01                    P 56f     3655532432 9 9 711   111.0  113.0
 14 3563.609148 6.775E-27 3.700E+00.03970.311 1668.09590.79-.016150          0 0 1          0 0 0 13  3 11       13  4 10      4622205041 7833348   162.0  162.0
 21 3563.632996 1.524E-26 1.453E-02.06630.076 2128.89870.74-.004877       1 2 2 12       1 0 0 02                    P 46e     3665632429 9 9 711    91.0   93.0
 21 3563.636574 3.465E-30 1.184E+01.05950.066 5329.64060.68-.006003       3 1 1 13       2 1 1 02                    R 71e     3655532429 9 9 711   145.0  143.0
 21 3563.637354 2.415E-25 2.371E-02.07820.107 1378.21320.68-.002019       2 3 3 01       0 2 2 01                    R 10e     3666632429 9 9 711    23.0   21.0
 23 3563.640676 1.989E-30 5.089E-03.06420.070 2503.50410.73-.005133       0 4 4 11       0 2 2 01                    P 56e     3655532432 9 9 711   111.0  113.0
 22 3563.653475 2.130E-29 1.743E+01.06700.079 3995.69870.75-.004728       3 1 1 12       2 1 1 02                    P 42f     3665632431 9 9 711   166.0  170.0
 21 3563.657640 6.652E-28 1.702E-03.07400.100 2123.30070.70-.003302       2 4 4 01       0 3 3 01                    P 17e     3666632429 9 9 711    33.0   35.0
 23 3563.666226 7.515E-30 1.447E-02.06020.066 2491.34950.69-.005478       0 3 3 11       0 1 1 01                    P 70e     3655532432 9 9 711   139.0  141.0
 14 3563.667773 4.855E-27 2.009E+01.09930.378 1934.35250.79-.003990          0 1 1          0 1 0  6  2  4        7  2  5      5622205041 7833348    78.0   90.0
 23 3563.692181 2.672E-30 5.685E-02.06570.074 2915.73390.74-.004053       3 2 2 01       1 1 1 01                    R 48e     3665632432 9 9 711    99.0   97.0
 21 3563.698514 3.253E-30 1.162E-04.07820.107 2591.38660.68-.002802       2 2 2 13       2 0 0 03                    R 10e     3666632429 9 9 711    23.0   21.0
 21 3563.707273 1.281E-21 5.205E+00.07250.097  831.68290.71-.004202       1 1 1 12       0 1 1 01                    P 20f     3766632429 9 9 711    39.0   41.0
 23 3563.710388 2.863E-29 1.308E-03.07200.096 1480.34040.71-.002721       3 1 1 01       0 2 2 01                    R 20e     3666632432 9 9 711    43.0   41.0
 23 3563.711429 2.411E-26 7.918E+00.06680.078 2031.04390.75-.004907       2 0 0 12       1 0 0 01                    R 42e     4765632432 9 9 711    87.0   85.0
 23 3563.723650 2.644E-29 1.179E-03.07250.097 1465.56230.71-.002658       3 1 1 01       0 2 2 01                    R 19f     3666632432 9 9 711    41.0   39.0
 24 3563.728291 2.448E-30 1.093E+01.06020.066 3748.21520.69-.005941       2 1 1 13       1 1 1 02                    R 69f     3655532433 9 9 711   846.0  834.0
 22 3563.729495 1.170E-30 1.057E+00.06370.070 4083.08220.72-.006370       1 1 1 22       2 0 0 01                    P 58e     3655532431 9 9 711   230.0  234.0
 21 3563.731009 2.231E-25 1.155E+01.08800.120 2353.78850.70-.003448       1 0 0 22       0 0 0 11                    P  3e     3666632429 9 9 711     5.0    7.0
 12 3563.733562 6.366E-29 1.639E-04.07660.404  812.76160.75-.010530          1 0 0          0 0 0  8  0  8        7  3  5      536643807333162749    17.0   15.0
 22 3563.738215 2.440E-30 1.919E+01.07300.098 4295.08330.70-.004179       2 1 1 22       1 1 1 12                    P 19f     3666632431 9 9 711    74.0   78.0
 23 3563.739818 1.260E-30 1.503E+01.05880.065 4301.93650.67-.006064       1 0 0 22       0 0 0 11                    R 73e     3655532432 9 9 711   149.0  147.0
 21 3563.748144 9.990E-28 1.404E+01.06970.090 4007.33640.73-.004102       2 0 0 22       1 0 0 11                    R 27e     3666632429 9 9 711    57.0   55.0
 22 3563.748853 1.280E-26 1.905E+01.06940.089 2620.31440.73-.004409       1 0 0 21       0 0 0 11                    P 29e     3666632431 9 9 711   114.0  118.0
 23 3563.750067 1.611E-30 1.446E-02.06650.077 2720.89180.74-.003908       2 4 4 01       0 3 3 01                    R 44f     3665632432 9 9 711    91.0   89.0
 23 3563.750195 1.611E-30 1.446E-02.06650.077 2720.89160.74-.003908       2 4 4 01       0 3 3 01                    R 44e     3665632432 9 9 711    91.0   89.0
 21 3563.750639 1.029E-28 1.768E-02.06940.089 3101.27430.73-.003455       3 3 3 01       1 2 2 01                    P 29f     3666632429 9 9 711    57.0   59.0
 11 3563.754040 1.962E-30 5.488E-09.07810.371  888.59880.670.000000          0 0 1          0 0 0  7  2  6        6  5  2     q5322308079917122 0    45.0   39.0
 22 3563.768106 1.110E-30 3.184E-03.07740.105 2568.62050.68-.003234       4 1 1 02       2 0 0 03                    P 12e     3666632431 9 9 711    46.0   50.0
 21 3563.774577 3.722E-28 5.945E+00.06290.069 4191.86160.71-.005641       2 2 2 12       1 2 2 01                    R 60e     3655532429 9 9 711   123.0  121.0
 13 3563.779246 3.710E-29 4.219E-03.05400.298 1290.28750.510.000000         -2-2-2          0 0 0 10 -2 -2       10  1  9      1522304636917122 0   126.0  126.0
 23 3563.779669 1.426E-30 6.845E-02.05980.066 3158.74070.68-.004702       2 3 3 01       0 2 2 01                    R 70e     3655532432 9 9 711   143.0  141.0
 23 3563.781158 1.450E-30 2.715E-03.05980.066 2491.34950.68-.004645       3 0 0 01       0 1 1 01                    R 70e     3355532430 9 9 711   143.0  141.0
 23 3563.782843 1.355E-30 6.507E-02.05980.066 3158.84490.68-.004702       2 3 3 01       0 2 2 01                    R 70f     3655532432 9 9 711   143.0  141.0
 21 3563.784833 2.819E-26 5.052E+00.06400.070 3254.28730.72-.005495       1 3 3 12       0 3 3 01                    R 56f     4655532429 9 9 711   115.0  113.0
 23 3563.786365 1.496E-30 4.409E-02.06530.073 2990.88590.74-.004122       3 2 2 01       1 1 1 01                    R 50f     3655532432 9 9 711   103.0  101.0
 22 3563.786631 3.170E-28 1.804E+01.06810.084 3409.27210.74-.004554       1 1 1 21       0 1 1 11                    P 35f     3666632431 9 9 711   138.0  142.0
 22 3563.791508 1.120E-29 1.760E+01.06780.083 4103.56210.74-.004603       1 2 2 21       0 2 2 11                    P 37e     3666632431 9 9 711   146.0  150.0
 21 3563.815307 2.888E-29 1.007E+01.05780.065 4873.74470.66-.006151       2 2 2 13       1 2 2 02                    R 76e     3655532429 9 9 711   155.0  153.0
 21 3563.817786 6.649E-28 2.559E-03.06080.066 2500.15230.69-.005626       1 1 1 12       0 1 1 01                    Q 68f     4755532429 9 9 711   137.0  137.0
 24 3563.822856 1.046E-29 6.804E+00.06370.070 3313.58700.72-.005532       2 1 1 12       1 1 1 01                    R 57e     0655532432 9 9 711   702.0  690.0
 21 3563.830536 1.570E-27 3.192E-03.05710.064 2399.46790.66-.004890       2 1 1 01       0 0 0 01                    R 78e     3655532429 9 9 711   159.0  157.0
 23 3563.834669 1.388E-26 1.201E+01.06490.072 2272.93410.73-.005340       2 0 0 13       1 0 0 02                    R 52e     4755532432 9 9 711   107.0  105.0
 24 3563.840043 3.720E-25 5.220E+00.08220.112  680.64770.68-.002285       1 1 1 12       0 1 1 01                    R  6e     3766632432 9 9 711    90.0   78.0
 12 3563.853460 7.910E-28 1.720E-03.08340.371  752.18740.70-.008460          0 0 1          0 0 0  7  0  7        6  4  2      544243807360713049    15.0   13.0
 24 3563.863030 3.720E-25 5.221E+00.08220.112  680.67210.68-.002285       1 1 1 12       0 1 1 01                    R  6f     3766632432 9 9 711    90.0   78.0
 23 3563.863694 1.174E-29 1.142E-02.06110.067 2341.72580.70-.005406       0 3 3 11       0 1 1 01                    P 67f     3655532432 9 9 711   133.0  135.0
 21 3563.875806 4.308E-29 1.982E-02.06700.079 3381.15570.75-.003661       2 5 5 01       0 4 4 01                    P 42e     3665632429 9 9 711    83.0   85.0
 23 3563.878202 8.657E-25 6.466E+00.06730.080 1237.95880.75-.004763       1 1 1 12       0 1 1 01                    R 39f     3766632432 9 9 711    81.0   79.0
