3.568602073732719e+03 8.819676776150297e-01
3.568606221198157e+03 8.832985669805583e-01
3.568610368663594e+03 8.845289275943562e-01
3.568614516129032e+03 8.856589542326007e-01
3.568618663594470e+03 8.866871616715617e-01
3.568622811059907e+03 8.876155263724171e-01
3.568626958525345e+03 8.884432074121165e-01
3.568631105990783e+03 8.891683661508202e-01
3.568635253456220e+03 8.897921564445744e-01
3.568639400921658e+03 8.903128724073378e-01
3.568643548387096e+03 8.907284720244839e-01
3.568647695852533e+03 8.910394666337272e-01
3.568651843317971e+03 8.912430185364865e-01
3.568655990783408e+03 8.913370864613538e-01
3.568660138248846e+03 8.913208262768377e-01
3.568664285714284e+03 8.911913315930515e-01
3.568668433179721e+03 8.909465584857104e-01
3.568672580645159e+03 8.905383307144534e-01
3.568676728110597e+03 8.900550680904384e-01
3.568680875576034e+03 8.894503783400191e-01
3.568685023041472e+03 8.887225733773615e-01
3.568689170506910e+03 8.878702535760017e-01
3.568693317972347e+03 8.868922039756909e-01
3.568697465437785e+03 8.857880212641813e-01
3.568701612903223e+03 8.845576577071811e-01
3.568705760368660e+03 8.832033160728242e-01
3.568709907834098e+03 8.817281341793867e-01
3.568714055299536e+03 8.801347999913501e-01
3.568718202764973e+03 8.784325392111645e-01
3.568722350230411e+03 8.766300695677063e-01
3.568726497695849e+03 8.747365350961450e-01
3.568730645161286e+03 8.727712663630681e-01
3.568734792626724e+03 8.707513504889380e-01
3.568738940092162e+03 8.686957837310684e-01
3.568743087557599e+03 8.666358747800257e-01
3.568747235023037e+03 8.645983681065732e-01
3.568751382488475e+03 8.626144735835146e-01
3.568755529953912e+03 8.607261254485999e-01
3.568759677419350e+03 8.589669649325091e-01
3.568763824884787e+03 8.573764426171783e-01
3.568767972350225e+03 8.559999919723199e-01
3.568772119815663e+03 8.548688156242256e-01
3.568776267281100e+03 8.540202674209104e-01
3.568780414746538e+03 8.534900198347838e-01
3.568784562211976e+03 8.532919082345016e-01
3.568788709677413e+03 8.534489001778263e-01
3.568792857142851e+03 8.539739307165294e-01
3.568797004608289e+03 8.548526157410337e-01
3.568801152073726e+03 8.560868636018769e-01
3.568805299539164e+03 8.576626504777572e-01
3.568809447004602e+03 8.595369802056236e-01
3.568813594470039e+03 8.616967091809766e-01
3.568817741935477e+03 8.641074767232886e-01
3.568821889400915e+03 8.667116433265872e-01
3.568826036866352e+03 8.694910260808709e-01
3.568830184331790e+03 8.724037576450633e-01
3.568834331797228e+03 8.753973326805466e-01
3.568838479262665e+03 8.784552534480478e-01
3.568842626728103e+03 8.815414384330176e-01
3.568846774193541e+03 8.846200340532198e-01
3.568850921658978e+03 8.876781835572807e-01
3.568855069124416e+03 8.906931977403846e-01
3.568859216589854e+03 8.936466464560210e-01
3.568863364055291e+03 8.965275375764341e-01
3.568867511520729e+03 8.993330605361861e-01
3.568871658986166e+03 9.020554028674833e-01
3.568875806451604e+03 9.046806808931537e-01
3.568879953917042e+03 9.072323298791269e-01
3.568884101382479e+03 9.096990389776741e-01
3.568888248847917e+03 9.120627370495157e-01
3.568892396313355e+03 9.143759007517994e-01
3.568896543778792e+03 9.166086930110826e-01
3.568900691244230e+03 9.187430899546114e-01
3.568904838709668e+03 9.208531185205916e-01
3.568908986175105e+03 9.228851310467934e-01
3.568913133640543e+03 9.248738860860731e-01
3.568917281105981e+03 9.268026969401375e-01
3.568921428571418e+03 9.286542936354749e-01
3.568925576036856e+03 9.304312881485944e-01
3.568929723502294e+03 9.321826450770424e-01
3.568933870967731e+03 9.338637553810050e-01
3.568938018433169e+03 9.354817940269391e-01
3.568942165898607e+03 9.370538666741636e-01
3.568946313364044e+03 9.385658671125374e-01
3.568950460829482e+03 9.400198485637660e-01
3.568954608294920e+03 9.414171502963186e-01
3.568958755760357e+03 9.427632916479208e-01
3.568962903225795e+03 9.440533281164175e-01
3.568967050691233e+03 9.452858903255972e-01
3.568971198156670e+03 9.464749649581548e-01
3.568975345622108e+03 9.476094678556831e-01
3.568979493087546e+03 9.486922558783158e-01
3.568983640552983e+03 9.497380796140772e-01
3.568987788018421e+03 9.507302001054045e-01
3.568991935483858e+03 9.516779067907851e-01
3.568996082949296e+03 9.525939265283309e-01
3.569000230414734e+03 9.534585188854392e-01
3.569004377880171e+03 9.542870081658247e-01
3.569008525345609e+03 9.550883437133409e-01
3.569012672811047e+03 9.558398838776547e-01
3.569016820276484e+03 9.565627290013403e-01
3.569020967741922e+03 9.572622094617455e-01
3.569025115207360e+03 9.579128490771004e-01
3.569029262672797e+03 9.585413245327424e-01
3.569033410138235e+03 9.591473044457401e-01
3.569037557603673e+03 9.597082741786744e-01
3.569041705069110e+03 9.602507697634957e-01
3.569045852534548e+03 9.607699562797080e-01
3.569049999999986e+03 9.612485725104702e-01
3.569054147465423e+03 9.617110650532463e-01
3.569058294930861e+03 9.621482561108710e-01
3.569062442396299e+03 9.625483540590766e-01
3.569066589861736e+03 9.629344340008547e-01
3.569070737327174e+03 9.632915935548781e-01
3.569074884792612e+03 9.636145010567730e-01
3.569079032258049e+03 9.639249373469324e-01
3.569083179723487e+03 9.642007458154545e-01
3.569087327188925e+03 9.644452191560267e-01
3.569091474654362e+03 9.646786462674866e-01
3.569095622119800e+03 9.648694528468539e-01
3.569099769585237e+03 9.650325449612472e-01
3.569103917050675e+03 9.651858328813711e-01
3.569108064516113e+03 9.652870344781632e-01
3.569112211981550e+03 9.653655953321503e-01
3.569116359446988e+03 9.654353748756512e-01
3.569120506912426e+03 9.654434315793943e-01
3.569124654377863e+03 9.654355933646933e-01
3.569128801843301e+03 9.654198514906357e-01
3.569132949308739e+03 9.653465200209188e-01
3.569137096774176e+03 9.652651595146085e-01
3.569141244239614e+03 9.651742245649098e-01
3.569145391705052e+03 9.650543319657839e-01
3.569149539170489e+03 9.649279560330783e-01
3.569153686635927e+03 9.648021744119341e-01
3.569157834101365e+03 9.646960184083874e-01
3.569161981566802e+03 9.645838210599863e-01
3.569166129032240e+03 9.645035326863989e-01
3.569170276497678e+03 9.644953100135872e-01
3.569174423963115e+03 9.644816341590577e-01
3.569178571428553e+03 9.645469638261549e-01
3.569182718893991e+03 9.647144842877888e-01
3.569186866359428e+03 9.648769782412857e-01
3.569191013824866e+03 9.651538676507402e-01
3.569195161290304e+03 9.655222263682020e-01
3.569199308755741e+03 9.658860839757557e-01
3.569203456221179e+03 9.663584513953554e-01
3.569207603686616e+03 9.668831655099117e-01
3.569211751152054e+03 9.674039047618248e-01
3.569215898617492e+03 9.679877521894246e-01
3.569220046082929e+03 9.685868585197928e-01
3.569224193548367e+03 9.691824940837799e-01
3.569228341013805e+03 9.697836910214989e-01
3.569232488479242e+03 9.703829572549074e-01
3.569236635944680e+03 9.709789313976875e-01
3.569240783410118e+03 9.715359412481080e-01
3.569244930875555e+03 9.720901323019711e-01
3.569249078340993e+03 9.726350429975588e-01
3.569253225806431e+03 9.731288888817036e-01
3.569257373271868e+03 9.736203069545555e-01
3.569261520737306e+03 9.740964191538338e-01
3.569265668202744e+03 9.745275152093197e-01
3.569269815668181e+03 9.749565615604084e-01
3.569273963133619e+03 9.753654388905152e-01
3.569278110599057e+03 9.757377281045920e-01
3.569282258064494e+03 9.761082540024519e-01
3.569286405529932e+03 9.764570057219014e-01
3.569290552995370e+03 9.767805261663812e-01
3.569294700460807e+03 9.771024225280289e-01
3.569298847926245e+03 9.774023213777628e-01
3.569302995391683e+03 9.776854168218811e-01
3.569307142857120e+03 9.779668546274176e-01
3.569311290322558e+03 9.782272105528317e-01
3.569315437787996e+03 9.784768386866006e-01
3.569319585253433e+03 9.787246983879160e-01
3.569323732718871e+03 9.789534692945064e-01
3.569327880184308e+03 9.791761146536970e-01
3.569332027649746e+03 9.793969546821512e-01
3.569336175115184e+03 9.796014026888544e-01
3.569340322580621e+03 9.798025996552382e-01
3.569344470046059e+03 9.800016205433693e-01
3.569348617511497e+03 9.801878248971401e-01
3.569352764976934e+03 9.803721362824237e-01
3.569356912442372e+03 9.805529283293785e-01
3.569361059907810e+03 9.807246921204906e-01
3.569365207373247e+03 9.808945984178280e-01
3.569369354838685e+03 9.810609609536236e-01
3.569373502304123e+03 9.812204803437614e-01
3.569377649769560e+03 9.813782068503244e-01
3.569381797234998e+03 9.815317795613011e-01
3.569385944700436e+03 9.816795001074079e-01
3.569390092165873e+03 9.818254982158621e-01
3.569394239631311e+03 9.819666465650230e-01
3.569398387096749e+03 9.821023013127811e-01
3.569402534562186e+03 9.822360190021506e-01
3.569406682027624e+03 9.823642347309067e-01
3.569410829493062e+03 9.824882140901320e-01
3.569414976958499e+03 9.826106499465009e-01
3.569419124423937e+03 9.827271275261513e-01
3.569423271889375e+03 9.828402551422470e-01
3.569427419354812e+03 9.829518760263847e-01
3.569431566820250e+03 9.830572564058612e-01
3.569435714285687e+03 9.831601183974760e-01
3.569439861751125e+03 9.832610372043755e-01
3.569444009216563e+03 9.833551300874886e-01
3.569448156682000e+03 9.834474137836710e-01
3.569452304147438e+03 9.835380141886670e-01
3.569456451612876e+03 9.836223504765108e-01
3.569460599078313e+03 9.837052492312809e-01
3.569464746543751e+03 9.837859374837581e-01
3.569468894009189e+03 9.838611099614555e-01
3.569473041474626e+03 9.839348383849054e-01
3.569477188940064e+03 9.840058126246981e-01
3.569481336405502e+03 9.840714767976785e-01
3.569485483870939e+03 9.841353434185673e-01
3.569489631336377e+03 9.841958588358423e-01
3.569493778801815e+03 9.842519179742473e-01
3.569497926267252e+03 9.843064614359459e-01
3.569502073732690e+03 9.843567087947243e-01
3.569506221198128e+03 9.844031385332033e-01
3.569510368663565e+03 9.844479467391681e-01
3.569514516129003e+03 9.844879555233645e-01
3.569518663594441e+03 9.845243011532456e-01
3.569522811059878e+03 9.845587306832159e-01
3.569526958525316e+03 9.845869782820368e-01
3.569531105990754e+03 9.846120054099076e-01
3.569535253456191e+03 9.846353935530280e-01
3.569539400921629e+03 9.846517254637738e-01
3.569543548387066e+03 9.846654061320712e-01
3.569547695852504e+03 9.846775033543316e-01
3.569551843317942e+03 9.846809995081343e-01
3.569555990783379e+03 9.846826851724821e-01
3.569560138248817e+03 9.846824134943201e-01
3.569564285714255e+03 9.846725397061628e-01
3.569568433179692e+03 9.846612209945486e-01
3.569572580645130e+03 9.846471360913126e-01
3.569576728110568e+03 9.846238987454149e-01
3.569580875576005e+03 9.846002593934117e-01
3.569585023041443e+03 9.845729259611191e-01
3.569589170506881e+03 9.845371532166516e-01
3.569593317972318e+03 9.845020098406526e-01
3.569597465437756e+03 9.844619579663042e-01
3.569601612903194e+03 9.844146488705422e-01
3.569605760368631e+03 9.843688987139564e-01
3.569609907834069e+03 9.843159817115702e-01
3.569614055299507e+03 9.842571548440802e-01
3.569618202764944e+03 9.842007112338580e-01
3.569622350230382e+03 9.841344610128941e-01
3.569626497695820e+03 9.840635056757443e-01
3.569630645161257e+03 9.839947981523119e-01
3.569634792626695e+03 9.839124306421158e-01
3.569638940092133e+03 9.838264791979315e-01
3.569643087557570e+03 9.837419303759217e-01
3.569647235023008e+03 9.836399402026004e-01
3.569651382488446e+03 9.835352893477514e-01
3.569655529953883e+03 9.834309555345524e-01
3.569659677419321e+03 9.833107232815030e-01
3.569663824884758e+03 9.831897416035597e-01
3.569667972350196e+03 9.830676010708925e-01
3.569672119815634e+03 9.829384886458944e-01
3.569676267281071e+03 9.828083964031515e-01
3.569680414746509e+03 9.826795344639234e-01
3.569684562211947e+03 9.825588788883128e-01
3.569688709677384e+03 9.824368203868588e-01
3.569692857142822e+03 9.823249356164645e-01
3.569697004608260e+03 9.822377225500349e-01
3.569701152073697e+03 9.821490646857262e-01
3.569705299539135e+03 9.820867213337119e-01
3.569709447004573e+03 9.820602415042406e-01
3.569713594470010e+03 9.820323278550408e-01
3.569717741935448e+03 9.820471177831245e-01
3.569721889400886e+03 9.820981036313498e-01
3.569726036866323e+03 9.821477415765454e-01
3.569730184331761e+03 9.822477106280453e-01
3.569734331797199e+03 9.823734715844219e-01
3.569738479262636e+03 9.824979872830562e-01
3.569742626728074e+03 9.826666248555318e-01
3.569746774193512e+03 9.828476375121105e-01
3.569750921658949e+03 9.830274567204746e-01
3.569755069124387e+03 9.832334748226175e-01
3.569759216589825e+03 9.834421427542928e-01
3.569763364055262e+03 9.836497538237038e-01
3.569767511520700e+03 9.838625321623001e-01
3.569771658986137e+03 9.840743213513620e-01
3.569775806451575e+03 9.842836155335142e-01
3.569779953917013e+03 9.844826082032769e-01
3.569784101382450e+03 9.846806337176324e-01
3.569788248847888e+03 9.848736535704669e-01
3.569792396313326e+03 9.850513703676652e-01
3.569796543778763e+03 9.852281408788108e-01
3.569800691244201e+03 9.853965374305224e-01
3.569804838709639e+03 9.855491235148710e-01
3.569808986175076e+03 9.857007716156718e-01
3.569813133640514e+03 9.858420506038310e-01
3.569817281105952e+03 9.859703412756665e-01
3.569821428571389e+03 9.860976850368874e-01
3.569825576036827e+03 9.862134842335016e-01
3.569829723502265e+03 9.863200046084646e-01
3.569833870967702e+03 9.864255785341723e-01
3.569838018433140e+03 9.865192093728290e-01
3.569842165898578e+03 9.866065443966661e-01
3.569846313364015e+03 9.866929165324952e-01
3.569850460829453e+03 9.867674750770460e-01
3.569854608294891e+03 9.868381159906711e-01
3.569858755760328e+03 9.869074532354091e-01
3.569862903225766e+03 9.869653685756157e-01
3.569867050691204e+03 9.870211153895109e-01
3.569871198156641e+03 9.870757046381311e-01
3.569875345622079e+03 9.871196967805106e-01
3.569879493087516e+03 9.871626316574457e-01
3.569883640552954e+03 9.872034559519764e-01
3.569887788018392e+03 9.872360374397965e-01
3.569891935483829e+03 9.872675119326274e-01
3.569896082949267e+03 9.872961727473568e-01
3.569900230414705e+03 9.873181107871424e-01
3.569904377880142e+03 9.873388088664059e-01
3.569908525345580e+03 9.873561594179300e-01
3.569912672811018e+03 9.873683194684580e-01
3.569916820276455e+03 9.873792373308222e-01
3.569920967741893e+03 9.873863730937908e-01
3.569925115207331e+03 9.873893426365327e-01
3.569929262672768e+03 9.873909115527684e-01
3.569933410138206e+03 9.873883556999538e-01
3.569937557603644e+03 9.873823600756897e-01
3.569941705069081e+03 9.873745944400111e-01
3.569945852534519e+03 9.873624874163857e-01
3.569949999999957e+03 9.873475260580233e-01
3.569954147465394e+03 9.873308205887824e-01
3.569958294930832e+03 9.873099513043998e-01
3.569962442396270e+03 9.872866315779464e-01
3.569966589861707e+03 9.872613568264443e-01
3.569970737327145e+03 9.872325920922247e-01
3.569974884792583e+03 9.872016317394856e-01
3.569979032258020e+03 9.871685790594732e-01
3.569983179723458e+03 9.871332654486863e-01
3.569987327188896e+03 9.870958330674873e-01
3.569991474654333e+03 9.870566629637666e-01
3.569995622119771e+03 9.870169186308287e-01
3.569999769585208e+03 9.869754957276862e-01
3.570003917050646e+03 9.869330979623466e-01
3.570008064516084e+03 9.868909272011540e-01
3.570012211981521e+03 9.868475872267440e-01
3.570016359446959e+03 9.868038857930033e-01
3.570020506912397e+03 9.867604225903871e-01
3.570024654377834e+03 9.867161056434764e-01
3.570028801843272e+03 9.866713482319817e-01
3.570032949308710e+03 9.866262039974678e-01
3.570037096774147e+03 9.865801659743092e-01
3.570041244239585e+03 9.865324197316656e-01
3.570045391705023e+03 9.864829198107518e-01
3.570049539170460e+03 9.864312615649734e-01
3.570053686635898e+03 9.863760422336409e-01
3.570057834101336e+03 9.863173811415157e-01
3.570061981566773e+03 9.862552735641263e-01
3.570066129032211e+03 9.861879640576021e-01
3.570070276497649e+03 9.861162907444380e-01
3.570074423963086e+03 9.860404166605355e-01
3.570078571428524e+03 9.859586513092261e-01
3.570082718893962e+03 9.858722367694606e-01
3.570086866359399e+03 9.857810026986624e-01
3.570091013824837e+03 9.856834349496477e-01
3.570095161290275e+03 9.855807743309112e-01
3.570099308755712e+03 9.854726111497832e-01
3.570103456221150e+03 9.853578601632720e-01
3.570107603686587e+03 9.852373380792611e-01
3.570111751152025e+03 9.851105233807759e-01
3.570115898617463e+03 9.849768425320887e-01
3.570120046082900e+03 9.848365842702093e-01
3.570124193548338e+03 9.846901793352330e-01
3.570128341013776e+03 9.845370410083679e-01
3.570132488479213e+03 9.843779867044237e-01
3.570136635944651e+03 9.842128407867688e-01
3.570140783410089e+03 9.840420047039532e-01
3.570144930875526e+03 9.838665142668799e-01
3.570149078340964e+03 9.836862165207054e-01
3.570153225806402e+03 9.835017823106389e-01
3.570157373271839e+03 9.833138549661115e-01
3.570161520737277e+03 9.831217501433670e-01
3.570165668202715e+03 9.829254822626680e-01
3.570169815668152e+03 9.827245290030937e-01
3.570173963133590e+03 9.825170819877177e-01
3.570178110599028e+03 9.823025078168510e-01
3.570182258064465e+03 9.820796499951092e-01
3.570186405529903e+03 9.818464606879399e-01
3.570190552995341e+03 9.816026748510673e-01
3.570194700460778e+03 9.813474704806980e-01
3.570198847926216e+03 9.810798597800582e-01
3.570202995391654e+03 9.808006482577121e-01
3.570207142857091e+03 9.805101349364335e-01
3.570211290322529e+03 9.802086977447428e-01
3.570215437787966e+03 9.798983495703366e-01
3.570219585253404e+03 9.795804374018918e-01
3.570223732718842e+03 9.792564344257080e-01
3.570227880184279e+03 9.789286621236106e-01
3.570232027649717e+03 9.785980711730417e-01
3.570236175115155e+03 9.782651675911581e-01
3.570240322580592e+03 9.779304718708549e-01
3.570244470046030e+03 9.775924950028887e-01
3.570248617511468e+03 9.772493920408711e-01
3.570252764976905e+03 9.768990801684032e-01
3.570256912442343e+03 9.765379964615344e-01
3.570261059907781e+03 9.761633337646898e-01
3.570265207373218e+03 9.757725350545813e-01
3.570269354838656e+03 9.753620360487527e-01
3.570273502304094e+03 9.749299182811921e-01
3.570277649769531e+03 9.744742355848814e-01
3.570281797234969e+03 9.739922052006930e-01
3.570285944700407e+03 9.734831737244896e-01
3.570290092165844e+03 9.729455006156814e-01
3.570294239631282e+03 9.723765663097476e-01
3.570298387096720e+03 9.717762051183279e-01
3.570302534562157e+03 9.711428145982063e-01
3.570306682027595e+03 9.704736430578639e-01
3.570310829493033e+03 9.697683716046418e-01
3.570314976958470e+03 9.690248637141908e-01
3.570319124423908e+03 9.682400866347876e-01
3.570323271889346e+03 9.674133731066562e-01
3.570327419354783e+03 9.665418498146270e-01
3.570331566820221e+03 9.656223498389562e-01
3.570335714285658e+03 9.646534091093447e-01
3.570339861751096e+03 9.636312227330633e-01
3.570344009216534e+03 9.625523039631717e-01
3.570348156681971e+03 9.614143961794261e-01
3.570352304147409e+03 9.602124675205340e-01
3.570356451612847e+03 9.589427126863077e-01
3.570360599078284e+03 9.576020673518374e-01
3.570364746543722e+03 9.561834344547732e-01
3.570368894009160e+03 9.546829832203473e-01
3.570373041474597e+03 9.530961148296827e-01
3.570377188940035e+03 9.514146540261688e-01
3.570381336405473e+03 9.496338652128844e-01
3.570385483870910e+03 9.477476032587393e-01
3.570389631336348e+03 9.457455255127792e-01
3.570393778801786e+03 9.436224260433606e-01
3.570397926267223e+03 9.413703062315555e-01